186.655	32	0
78.9099	32	1
5.77551	32	1
16.2374	32	1
11.947	32	1
4.5214	32	1
6.93061	32	1
2.23434	32	0
11.4803	32	1
14.6203	32	1
46.0885	32	1
65.8573	32	0
8.44874	32	0
32.2108	32	1
20.8629	32	1
24.3774	32	0
11.6995	32	0
7.55766	32	1
3.51481	32	1
38.7124	32	0
1.38612	32	0
22.8875	32	1
23.003	32	1
2.57423	32	0
10.7319	32	0
22.5905	32	1
6.48507	32	0
12.8711	32	0
4.32338	32	0
6.82583	32	0
0.264023	32	1
41.3691	32	0
0.68481	32	0
23.267	32	1
19.4387	32	0
17.9148	32	1
16.2787	32	0
2.21944	32	0
17.178	32	1
0.849825	32	1
31.9881	32	1
4.95565	32	0
4.45539	32	0
21.9634	32	24.5769
2.93726	32	1
33.729	32	1
23.2918	32	1
2.63827	32	1
28.9188	32	0
0.594052	32	0
52.5049	32	1
21.7476	32	0
13.2424	32	1
19.8966	32	1
28.0112	32	1
14.084	32	0
2.40142	32	0
5.62287	32	1
9.29857	32	1
6.06841	32	0
5.9364	32	1
1.0891	32	1
0.363032	32	1
2.86094	32	1
2.2442	32	1
6.61502	32	0
75.4061	32	1
2.11219	32	1
0.561502	32	1
0	32	1
30.5442	32	18.653
26.1708	32	0
14.9663	32	0
8.41161	32	1
5.24746	32	1
5.51045	32	1
5.77655	32	1
6.76353	32	1
2.37415	32	0
10.9141	32	0
27.1139	32	0
22.9246	32	1
4.41826	32	0
2.11219	32	1
8.23422	32	0
16.1467	32	1
5.96115	32	1
10.4496	32	1
17.4544	32	1
0.264023	32	1
14.6152	32	0
0.330029	32	0
11.0436	32	1
0.808571	32	0
23.3661	32	1
1.11385	32	1
4.62976	32	1
1.1056	32	0
6.2128	32	0
1.32012	32	0
19.3397	32	1
1.46546	32	0
25.6968	32	1
13.0361	32	1
1.38612	32	1
1.98842	32	0
0.165014	32	0
6.41458	32	1
14.084	32	1
2.54947	32	1
12.2771	32	1
0.91583	32	1
0.783819	32	0
7.40915	32	1
0.396035	32	1
16.1714	32	0
19.6943	32	1
15.8909	32	0
10.1319	32	0
21.8349	32	0
22.7885	32	1
16.731	32	0
1.1221	32	1
7.62367	32	0
5.16495	32	0
1.02062	32	0
6.58408	32	0
12.6062	32	0
16.0394	32	1
15.6434	32	1
12.3596	32	1
3.86924	32	1
1.23761	32	0
3.86134	32	0
21.6004	32	0
5.18987	32	1
4.48839	32	0
31.4491	32	1
5.04944	32	0
7.63764	32	1
12.6605	32	1
14.6346	32	1
9.02012	32	0
26.3198	32	0
4.05936	32	1
9.00979	32	1
18.7126	32	1
8.0197	32	1
3.56431	32	0
20.1056	32	1
1.1551	32	1
2.40926	32	1
4.38939	32	0
22.607	32	1
5.30322	32	1
1.05609	32	1
0.594052	32	1
8.60058	32	0
16.4024	32	0
0.429038	32	0
8.48174	32	1
12.6401	32	1
5.01644	32	0
1.91417	32	0
15.5211	32	0
15.1483	32	0
49.4507	32	0
6.06219	32	0
11.3888	32	1
9.1088	32	1
11.749	32	1
13.5302	32	1
4.5544	32	1
6.69959	32	1
3.19901	32	1
8.28592	32	1
13.3204	32	1
6.56307	32	1
5.84151	32	1
32.8563	32	1
3.49264	32	0
22.9698	32	0
6.91995	32	0
6.58723	32	1
24.8698	32	0
10.9101	32	0
3.03627	32	0
6.93061	32	0
16.2572	32	0
7.55173	32	1
3.86134	32	0
8.39081	32	1
24.3322	32	0
13.5972	32	1
19.3921	32	1
7.78868	32	0
16.6767	32	1
22.3264	32	1
5.62984	32	0
30.4167	32	0
0.734196	32	1
17.6207	32	0
12.9009	32	1
62.1035	32	0
2.30747	32	1
11.3276	32	1
1.04885	32	0
28.7306	32	1
2.51724	32	1
6.50288	32	1
22.2356	32	1
6.44914	32	1
6.18822	32	1
16.1523	32	1
44.681	32	0
29.7874	32	1
18.5647	32	0
50.7644	32	0
16.1523	32	1
44.7859	32	1
27.7945	32	0
0.839081	32	1
13.2155	32	0
22.7601	32	1
34.4023	32	0
21.2917	32	1
2.72701	32	1
20.7672	32	1
11.6947	32	1
15.1559	32	1
27.4275	32	1
21.8685	32	1
5.03448	32	1
22.1308	32	1
2.56968	32	1
2.04526	32	1
25.3822	32	0
51.2364	32	1
27.6897	32	1
26.9555	32	1
0.576868	32	1
12.9533	32	1
45.625	32	0
20.7148	32	1
3.98563	32	0
6.24066	32	1
5.50647	32	1
10.2787	32	0
0.20977	32	1
4.61494	32	0
4.45762	32	0
29.9971	32	1
166.767	32	1
12.4813	32	0
25.0675	32	0
0.681753	32	1
14.1595	32	0
9.17745	32	1
1.57328	32	1
17.2536	32	1
0.734196	32	0
2.15014	32	0
21.2917	32	1
9.02012	32	1
20.2953	32	0
4.30029	32	1
6.71265	32	1
7.34196	32	0
15.7328	32	1
36.5525	32	1
4.9296	32	0
8.39081	32	1
6.92242	32	0
29.3678	32	1
7.70905	32	1
19.2989	32	1
11.0129	32	1
0.996408	32	0
20.1904	32	1
7.49928	32	0
32.7766	32	1
30.3642	32	0
4.61494	32	0
5.76868	32	1
0.524425	32	1
16.1523	32	1
22.4454	32	1
17.2012	32	0
0.262213	32	1
0.20977	32	1
10.5934	32	1
8.86279	32	1
0.20977	32	1
18.5122	32	1
8.7579	32	0
6.39799	32	0
6.29311	32	0
67.3362	32	1
0.603089	32	0
27.1915	32	1
1.91415	32	1
1.7306	32	1
5.66379	32	1
14.6577	32	0
13.032	32	0
15.5492	32	1
6.92242	32	1
8.04993	32	0
6.63398	32	1
24.8315	32	1
9.09878	32	1
4.35273	32	1
8.07615	32	0
12.5338	32	0
3.72342	32	1
0.629311	32	1
8.88901	32	1
0.970187	32	1
1.36351	32	0
21.3179	32	1
23.9138	32	1
10.9343	32	0
5.19181	32	0
15.7852	32	1
13.6351	32	1
8.88901	32	1
25.7493	32	0
15.995	32	1
2.30747	32	1
14.2906	32	0
6.24066	32	1
8.94145	32	0
16.231	32	1
6.24066	32	1
2.07148	32	1
1.65194	32	1
22.0521	32	0
8.81035	32	1
24.1498	32	1
83.9343	32	0
1.44217	32	0
16.2572	32	0
23.9662	32	1
13.6613	32	0
1.75683	32	0
12.8484	32	0
13.8973	32	0
0.839081	32	0
12.8484	32	0
6.58154	32	1
4.32651	32	1
6.5291	32	1
6.26688	32	0
11.3014	32	1
14.4217	32	0
27.2177	32	1
23.704	32	0
28.1616	32	1
11.8389	32	1
11.6947	32	0
18.604	32	0
2.0977	32	0
34.0877	32	1
28.6467	32	1
12.8484	32	0
29.4989	32	1
17.5683	32	0
12.1011	32	1
4.41828	32	1
2.62213	32	0
0.157328	32	0
33.0519	32	0
3.65787	32	1
17.9878	32	0
3.77586	32	0
3.34321	32	0
15.4837	32	0
2.8319	32	0
10.6852	32	0
10.2656	32	1
7.48617	32	0
2.51724	32	1
0.41954	32	0
11.4063	32	1
31.8457	32	0
13.7793	32	1
11.2096	32	1
1.20618	32	1
0.20977	32	0
12.7829	32	0
14.933	32	0
0.576868	32	1
0.41954	32	0
27.8732	32	0
4.79194	32	0
4.18885	32	0
1.99282	32	1
9.01356	32	0
1.46839	32	1
6.39143	32	1
16.6702	32	1
12.0093	32	0
37.2801	32	1
26.6343	32	0
6.08334	32	0
2.51724	32	0
15.2608	32	1
1.67816	32	1
20.7918	32	1
1.67816	32	0
7.95816	32	0
2.0977	32	0
21.3966	32	0
3.84797	32	1
15.7852	32	0
5.03448	32	0
12.7943	32	0
3.98563	32	0
7.86638	32	0
2.30747	32	1
5.76868	32	1
1.41595	32	1
7.49601	32	1
19.0858	32	0
3.35305	32	0
5.04759	32	0
23.9072	32	0
3.77586	32	1
0.707974	32	0
3.34977	32	1
0.839081	32	1
11.7078	32	0
0.20977	32	1
8.58747	32	1
2.64835	32	0
1.46839	32	1
16.7554	32	0
0.943966	32	1
27.2177	32	1
9.15122	32	1
18.4204	32	1
4.82471	32	0
10.0952	32	1
19.666	32	1
17.1618	32	1
20.4526	32	1
10.7769	32	0
10.3443	32	1
8.78413	32	1
1.25862	32	1
7.10596	32	0
2.42547	32	1
3.76275	32	0
8.78413	32	0
4.58872	32	0
17.306	32	0
6.05711	32	1
1.94037	32	0
15.759	32	0
9.54454	32	0
15.0248	32	1
10.8818	32	0
10.0165	32	1
2.43858	32	1
6.45043	32	0
5.61135	32	0
48.9813	32	1
2.67457	32	1
2.0977	32	0
11.6685	32	1
8.12859	32	1
0	32	1
7.10596	32	1
11.4325	32	1
3.40877	32	1
13.6351	32	1
4.43139	32	1
5.97845	32	0
2.59591	32	0
1.25862	32	0
22.2356	32	0
1.36351	32	0
7.63039	32	1
9.33477	32	0
0.41954	32	0
1.04885	32	0
3.46121	32	1
12.8484	32	0
1.20618	32	0
47.6703	32	0
6.63398	32	0
3.67098	32	1
2.91056	32	0
14.8937	32	0
7.68283	32	0
10.1214	32	1
0.603089	32	0
7.44684	32	0
11.5111	32	1
12.2978	32	1
38.2568	32	1
3.67098	32	1
12.4027	32	1
5.66379	32	1
0.471983	32	0
14.4217	32	1
1.36351	32	0
9.91164	32	0
2.4648	32	1
7.91882	32	1
15.051	32	0
4.77227	32	1
43.3175	32	1
2.0977	32	1
1.46839	32	1
6.60776	32	0
4.5625	32	1
17.4109	32	1
15.2083	32	1
8.7579	32	1
7.81394	32	0
1.62572	32	1
20.0855	32	0
10.908	32	1
6.18822	32	0
6.92242	32	1
40.3283	32	0
5.71624	32	0
0.786638	32	0
4.35273	32	1
8.02371	32	1
17.2012	32	1
18.8793	32	0
10.9078	32	1
0.104885	32	0
2.25503	32	0
20.2428	32	0
18.4598	32	0
10.8556	32	0
0.20977	32	0
5.97845	32	0
24.2809	32	0
18.5647	32	0
17.3585	32	0
23.8089	32	1
21.6588	32	0
1.36351	32	0
4.03808	32	0
0.786638	32	0
3.87346	32	0
11.2751	32	0
3.14655	32	1
2.35991	32	0
1.83549	32	1
21.7112	32	1
4.87716	32	0
4.82471	32	1
10.2263	32	1
5.03448	32	1
3.67098	32	1
13.0058	32	1
1.7306	32	1
4.61494	32	1
1.04885	32	0
1.20618	32	1
8.79937	32	0
6.47279	32	1
5.66379	32	0
4.03808	32	1
14.9986	32	1
0.996408	32	1
27.8994	32	0
15.2083	32	1
1.20618	32	0
0.367098	32	0
0.629311	32	0
27.847	32	1
1.71305	32	0
6.81753	32	1
1.10129	32	1
2.98922	32	0
6.39799	32	1
18.2849	32	1
1.78305	32	1
3.35632	32	1
12.1667	32	0
12.5862	32	1
12.0036	32	1
46.4641	32	0
25.12	32	1
6.55532	32	0
8.33836	32	1
20.2428	32	1
9.64943	32	1
13.9497	32	0
10.3836	32	0
29.0532	32	1
22.4454	32	0
4.61494	32	1
13.8973	32	0
37.3391	32	0
2.41236	32	1
1.20618	32	1
10.4123	32	1
4.30029	32	0
5.45402	32	0
0.677613	32	0
1.25862	32	0
7.7615	32	1
8.18104	32	1
7.36659	32	1
18.5647	32	1
1.88793	32	1
28.0043	32	1
4.1954	32	0
72.5272	32	0
1.36351	32	0
19.8698	32	0
17.5158	32	0
27.0604	32	1
0.629311	32	1
23.9138	32	1
6.71265	32	0
40.3808	32	0
57.1624	32	0
52.3377	32	0
1.57684	32	1
2.86891	32	1
16.9914	32	1
30.3279	32	0
8.07512	32	1
0.728746	32	1
21.7112	32	1
3.14655	32	0
16.2572	32	1
21.6063	32	1
29.3678	32	0
27.0604	32	1
26.3262	32	0
7.76736	32	1
5.04126	32	0
5.45402	32	1
11.5653	32	0
13.5789	32	0
1.36351	32	0
14.7888	32	0
37.3671	32	1
2.93678	32	0
34.999	32	1
11.3759	32	0
0.20977	32	1
9.34951	32	1
5.66379	32	1
17.7256	32	1
12.5862	32	0
4.51006	32	1
32.3423	32	0
6.53892	32	0
5.41098	32	1
30.1236	32	0
21.9651	32	0
1.43532	32	1
31.0663	32	1
4.9296	32	1
2.86891	32	1
2.32075	32	1
8.28592	32	0
39.089	32	0
24.3458	32	1
2.51724	32	0
14.8825	32	1
8.81035	32	1
11.3276	32	0
15.4828	32	1
51.3937	32	1
10.5435	32	0
17.2225	32	1
26.6271	32	0
4.24072	32	0
0.61265	32	1
15.2411	32	1
19.2471	32	1
5.37921	32	0
1.99282	32	1
12.636	32	1
10.3357	32	0
9.55643	32	0
22.5503	32	1
0.223971	32	0
40.0979	32	0
20.4614	32	1
33.498	32	0
4.71983	32	1
6.99298	32	1
12.9101	32	1
2.68961	32	1
28.7731	32	1
0.448268	32	1
1.29328	32	0
0.314655	32	0
14.8937	32	1
5.11025	32	0
24.6547	32	1
18.2734	32	1
34.939	32	0
37.7048	32	0
7.31145	32	0
20.441	32	1
2.95857	32	1
19.3253	32	1
6.99158	32	0
13.6351	32	0
2.8319	32	0
1.78305	32	1
4.93095	32	0
4.66198	32	1
0.454041	32	0
21.8161	32	1
9.01668	32	1
4.12406	32	0
32.6163	32	0
6.12183	32	1
31.6477	32	0
9.69502	32	1
8.51709	32	1
5.20024	32	1
30.8362	32	1
1.46839	32	1
2.31678	32	0
50.1163	32	1
11.0089	32	1
20.0331	32	1
1.97238	32	1
2.93678	32	1
3.94476	32	0
3.37887	32	0
6.81367	32	1
1.78142	32	1
21.2479	32	0
3.04822	32	0
19.2989	32	1
22.7981	32	1
4.96796	32	1
2.62213	32	1
9.36422	32	1
20.4337	32	1
33.9787	32	1
6.00594	32	0
0.0896536	32	1
8.96536	32	1
5.04529	32	1
14.2549	32	1
28.9333	32	1
22.6823	32	0
1.99282	32	1
0.448268	32	1
7.08263	32	0
3.94476	32	0
3.88999	32	1
3.31093	32	0
25.4616	32	1
1.61376	32	0
4.94942	32	0
9.22723	32	1
38.1782	32	1
17.2726	32	1
19.7238	32	1
1.20174	32	0
5.47202	32	1
8.15847	32	0
5.65605	32	0
11.117	32	1
2.8319	32	0
1.52411	32	0
2.06203	32	0
50.6812	32	0
4.84129	32	1
14.2068	32	0
15.3308	32	1
27.2829	32	0
8.15847	32	1
0.537921	32	1
57.5256	32	1
25.4081	32	0
57.0197	32	0
9.32397	32	1
10.4433	32	0
16.4066	32	0
1.1655	32	1
19.9927	32	1
28.4202	32	0
1.52411	32	0
24.3858	32	1
12.8653	32	1
21.1582	32	1
18.2445	32	0
5.06543	32	0
0.358614	32	0
6.49988	32	1
2.86891	32	1
16.81	32	1
0.717228	32	0
9.90672	32	0
2.33099	32	1
3.72062	32	1
1.74288	32	0
2.10686	32	0
2.73443	32	1
26.0444	32	0
10.3421	32	1
16.6307	32	1
9.98141	32	1
10.0412	32	1
0.896536	32	0
4.16889	32	1
1.38963	32	0
10.9377	32	0
2.39358	32	1
3.09305	32	1
6.82654	32	1
27.9271	32	0
6.23092	32	0
26.5018	32	1
17.2583	32	1
0.436429	32	1
4.27801	32	0
3.76545	32	1
47.1429	32	0
9.81647	32	0
20.1721	32	0
8.56191	32	0
12.2377	32	1
14.6584	32	1
5.82748	32	1
6.2931	32	0
19.0066	32	0
4.29748	32	0
0.851709	32	0
27.3892	32	0
5.19991	32	0
11.2933	32	1
5.91713	32	0
24.2961	32	0
0.851709	32	0
32.2893	32	1
5.73783	32	1
9.41362	32	1
6.72231	32	0
6.63436	32	0
10.4446	32	0
13.5377	32	0
6.41023	32	1
7.26194	32	1
20.0824	32	0
6.63436	32	0
7.17228	32	1
28.1512	32	1
13.0446	32	1
3.49649	32	0
27.2995	32	1
0.672402	32	0
7.19693	32	1
8.74122	32	1
3.22753	32	1
2.46547	32	0
1.1655	32	1
1.03102	32	0
12.1032	32	1
6.14127	32	0
0.941362	32	0
4.39302	32	1
18.2498	32	1
8.60674	32	1
5.06543	32	0
5.46887	32	0
3.00339	32	0
1.07584	32	0
0.672402	32	0
2.64478	32	0
4.39302	32	0
24.2065	32	1
6.49988	32	1
3.81028	32	0
3.00339	32	1
2.59995	32	1
8.47226	32	1
13.6273	32	1
3.02581	32	1
14.6808	32	1
70.2436	32	1
35.839	32	1
7.70044	32	0
4.97577	32	0
14.7032	32	1
13.6273	32	0
7.17228	32	1
19.1186	32	0
26.784	32	1
8.76364	32	0
9.92913	32	0
6.38782	32	1
29.7874	32	1
7.26194	32	0
8.8757	32	0
2.82409	32	0
8.5395	32	1
17.4824	32	0
4.5275	32	1
3.38442	32	0
5.15508	32	0
14.0308	32	1
4.012	32	1
5.87231	32	0
2.57754	32	1
2.42065	32	0
8.31827	32	0
7.35159	32	0
6.09491	32	1
0.537921	32	0
2.15169	32	0
13.0222	32	0
5.33439	32	1
8.2033	32	0
8.92053	32	0
7.93434	32	0
1.79307	32	0
1.61376	32	1
6.76884	32	1
4.10165	32	0
31.0201	32	0
1.06497	32	0
1.41204	32	1
37.8114	32	1
1.29998	32	1
1.92755	32	1
1.43446	32	0
0.403441	32	0
12.7532	32	0
7.82227	32	0
1.99479	32	1
7.85254	32	0
24.3409	32	1
11.1744	32	1
13.5825	32	1
1.1655	32	1
12.5179	32	0
2.14048	32	1
9.82827	32	1
7.10504	32	0
6.26454	32	1
1.3448	32	1
16.5299	32	1
10.3774	32	0
1.22153	32	1
2.33096	32	1
1.97238	32	0
0.179307	32	0
2.40944	32	1
13.067	32	0
5.72662	32	0
0.403441	32	0
0.986189	32	1
0.896536	32	0
14.8713	32	1
3.63097	32	1
8.77484	32	0
10.6127	32	0
3.94476	32	1
0.358614	32	0
10.68	32	0
9.94034	32	1
8.46666	32	1
19.3484	32	1
5.31197	32	0
16.9109	32	0
9.83387	32	0
2.77926	32	0
41.2238	32	0
0.851709	32	0
14.3502	32	1
16.9501	32	1
19.7182	32	1
4.48268	32	1
5.55852	32	0
4.03441	32	1
19.2755	32	1
13.0894	32	0
6.3654	32	1
3.53011	32	1
22.0544	32	0
7.17228	32	0
2.68961	32	1
39.3523	32	0
1.88272	32	1
0	32	1
0.717228	32	1
9.45845	32	1
0.313787	32	0
1.88272	32	1
5.91573	32	1
6.81227	32	0
6.81367	32	0
7.5309	32	0
4.12126	32	0
1.79027	32	1
24.383	32	0
0.0286687	32	1
11.5597	32	1
2.86331	32	0
0.582748	32	0
2.08445	32	0
2.15169	32	1
41.4031	32	1
0.173704	32	0
1.70342	32	0
3.22753	32	1
1.05343	32	1
2.37582	32	0
1.25515	32	0
6.97617	32	1
59.8494	32	1
7.57012	32	0
2.33099	32	1
1.12067	32	0
2.06203	32	0
1.96117	32	0
1.5017	32	0
1.97238	32	1
1.52411	32	0
5.45766	32	0
0.683608	32	1
6.51109	32	1
19.9591	32	0
1.1655	32	1
11.4644	32	1
5.36801	32	0
24.3409	32	1
13.2351	32	1
14.2997	32	1
3.30597	32	0
8.98777	32	1
11.2963	32	0
12.5067	32	1
3.48528	32	0
3.56373	32	0
1.43446	32	0
22.3349	32	0
1.43446	32	1
12.8653	32	0
3.92234	32	0
3.12667	32	1
36.545	32	0
6.07403	32	0
4.10165	32	0
0.268961	32	1
9.81706	32	0
1.97238	32	0
27.5909	32	0
9.81706	32	0
9.90672	32	0
4.41544	32	1
9.81706	32	1
1.25515	32	1
13.4704	32	0
15.779	32	1
7.57573	32	0
3.20511	32	1
16.5187	32	0
10.4222	32	1
1.681	32	1
15.4204	32	0
0.672402	32	0
3.04822	32	0
6.37206	32	0
9.0326	32	0
3.38442	32	0
1.94996	32	1
7.57573	32	0
0.896536	32	0
7.64297	32	0
3.69821	32	1
1.12067	32	1
0.896536	32	0
17.5945	32	1
3.63097	32	1
17.0342	32	0
8.8757	32	0
7.08263	32	0
0	32	0
2.75685	32	1
5.89472	32	1
1.25275	32	0
22.0772	32	0
13.3808	32	0
9.05501	32	1
6.45506	32	0
1.23274	32	0
1.03102	32	1
0.179307	32	1
13.2911	32	0
3.69821	32	0
13.717	32	0
8.85326	32	1
3.96717	32	0
3.87752	32	0
10.6015	32	0
6.23092	32	1
19.141	32	1
12.5515	32	1
0.582748	32	1
10.8033	32	1
3.58614	32	0
0	32	0
0.941362	32	0
9.63776	32	0
10.2205	32	0
4.30337	32	1
4.12406	32	0
14.5687	32	1
1.07584	32	1
9.32397	32	0
9.59293	32	1
7.44125	32	0
3.1827	32	0
6.05162	32	0
13.8515	32	0
11.3412	32	0
12.9998	32	0
7.35159	32	1
1.65859	32	1
6.58954	32	1
7.71021	32	0
2.28617	32	1
5.55852	32	0
5.78265	32	1
0.194729	32	1
7.75503	32	1
0.582748	32	0
2.24134	32	1
32.6339	32	0
22.8168	32	0
0.582748	32	1
2.95857	32	0
1.56894	32	1
12.3274	32	0
5.42404	32	0
2.42065	32	0
3.13822	32	1
0.717228	32	1
2.24134	32	0
3.63097	32	0
0.672402	32	0
1.97238	32	1
0.231069	32	1
0.896536	32	1
6.67919	32	0
6.81367	32	1
5.11025	32	1
1.03102	32	1
10.5343	32	0
4.26615	32	0
0.199946	32	0
10.8425	32	1
23.3099	32	0
1.73464	32	0
4.30337	32	0
1.72557	32	0
3.54132	32	1
12.686	32	1
6.09644	32	0
29.3167	32	1
14.7928	32	0
3.89993	32	0
7.39642	32	0
3.76545	32	0
18.2445	32	1
8.15847	32	1
2.19651	32	1
15.017	32	1
3.43508	32	1
17.6997	32	0
3.35477	32	0
2.91374	32	0
2.06203	32	0
8.02399	32	1
0.268961	32	1
0.13448	32	0
11.8791	32	1
26.3581	32	0
3.28937	32	1
2.55513	32	1
2.5103	32	0
8.83088	32	1
12.9101	32	0
14.8377	32	1
8.92053	32	0
15.3571	32	1
49.0853	32	0
15.5053	32	1
0.13448	32	0
1.43446	32	1
5.33439	32	1
3.45166	32	0
6.90332	32	0
23.3099	32	1
3.22753	32	0
11.6101	32	1
7.75503	32	1
5.693	32	1
1.88272	32	1
14.5239	32	1
1.97238	32	1
8.78605	32	0
18.6479	32	1
5.46887	32	0
15.5396	32	0
0.179307	32	1
23.9375	32	1
1.70342	32	0
5.64817	32	0
3.40684	32	1
0	32	0
32.3649	32	0
33.4776	32	0
0.179307	32	0
27.5236	32	1
6.81367	32	1
5.46887	32	1
4.66198	32	0
11.0274	32	1
19.9031	32	1
28.0616	32	0
2.59995	32	0
17.9307	32	0
2.59995	32	0
15.2257	32	1
15.8687	32	1
23.3099	32	0
8.49096	32	1
4.66198	32	0
5.64817	32	1
7.75201	32	0
1.88272	32	0
27.5396	32	0
22.2828	32	1
38.2821	32	1
0.448268	32	1
0.121201	32	0
46.418	32	0
2.30191	32	0
10.8523	32	0
4.46699	32	1
6.56271	32	24.4734
1.52411	32	1
21.9335	32	1
27.6133	32	0
6.81367	32	0
18.1997	32	0
0.597601	32	1
2.24134	32	0
10.3998	32	1
3.15358	32	0
5.74786	32	1
19.6937	32	0
3.49649	32	0
3.6758	32	1
0.448268	32	0
16.5859	32	0
24.5651	32	0
0.896536	32	0
8.44972	32	1
9.32397	32	1
1.68748	32	1
9.89597	32	1
2.24134	32	0
2.5103	32	0
19.2755	32	0
8.69639	32	1
3.6758	32	1
3.40684	32	0
11.78	32	1
44.9164	32	0
45.1305	32	1
43.4634	32	1
4.90708	32	1
8.06882	32	0
7.26194	32	1
22.4134	32	0
32.1367	32	1
13.305	32	1
24.0134	32	1
9.34778	32	0
12.8436	32	1
7.08263	32	0
8.03519	32	0
3.49649	32	1
0.806882	32	0
10.2205	32	0
19.0714	32	0
4.29718	32	0
1.0711	32	1
16.0245	32	1
6.96101	32	1
50.7149	32	0
0.0896536	32	0
2.50387	32	0
1.95038	32	1
42.1064	32	0
6.09644	32	0
0.461833	32	1
30.9305	32	0
2.06203	32	1
4.40348	32	1
18.7647	32	0
0.0896536	32	1
2.5103	32	0
6.35542	32	0
25.5513	32	1
6.06465	32	1
7.29976	32	1
3.25503	32	0
21.7002	32	0
1.81427	32	0
2.59995	32	1
17.8939	32	1
6.63436	32	0
1.50232	32	0
18.067	32	1
0.283987	32	1
8.20825	32	0
35.1928	32	0
26.0402	32	1
1.58578	32	1
10.9336	32	0
0.896536	32	0
28.5098	32	1
1.52271	32	0
4.89315	32	0
27.5426	32	0
14.1886	32	0
22.3679	32	0
25.372	32	0
22.5497	32	0
24.6393	32	1
0.295536	32	0
31.827	32	0
27.752	32	0
7.35159	32	0
4.57233	32	1
11.0136	32	1
1.50232	32	0
1.91963	32	1
13.6273	32	1
15.465	32	1
7.42814	32	0
6.49752	32	0
7.62153	32	0
18.1997	32	0
3.93067	32	1
0.918085	32	1
15.1067	32	1
3.03486	32	0
8.69639	32	0
13.3145	32	1
17.9475	32	0
15.1134	32	1
5.00774	32	0
27.5426	32	0
10.5997	32	0
29.2118	32	1
5.23952	32	0
5.7589	32	1
16.9011	32	0
51.538	32	0
10.2241	32	0
1.60671	32	0
2.00309	32	0
0.625967	32	0
13.8547	32	0
42.6075	32	1
41.4808	32	1
13.2687	32	0
6.51006	32	1
18.3617	32	1
7.55334	32	0
7.97065	32	1
7.55334	32	0
4.4235	32	1
12.7308	32	0
0.625967	32	1
3.12834	32	1
0.125193	32	0
14.1469	32	0
46.017	32	1
5.68123	32	1
15.0649	32	1
10.0572	32	1
6.46833	32	0
5.38332	32	0
9.84855	32	0
19.6971	32	0
16.5985	32	0
2.86891	32	0
26.6662	32	1
0.166925	32	1
5.7589	32	0
0.794404	32	0
9.75482	32	1
1.84293	32	1
25.456	32	0
2.5955	32	0
13.1227	32	0
5.50851	32	1
2.5456	32	0
0.896536	32	1
11.5984	32	0
0.333849	32	0
9.65813	32	0
6.13448	32	0
21.9088	32	1
8.21849	32	0
14.9662	32	1
0.333849	32	1
2.04483	32	1
1.27795	32	1
1.79444	32	1
16.2751	32	0
22.3097	32	1
4.34004	32	0
14.3138	32	0
29.7437	32	1
5.42505	32	1
19.7388	32	0
6.34313	32	0
40.2706	32	1
31.4532	32	1
0.459043	32	1
0.584236	32	1
19.1546	32	0
5.38332	32	0
39.1021	32	0
1.91963	32	1
13.0283	32	0
5.13293	32	1
1.16847	32	0
9.18085	32	0
1.24361	32	1
0.333849	32	0
1.75271	32	1
5.96755	32	1
0.980682	32	0
12.1467	32	1
0.651654	32	0
0.104328	32	0
4.77484	32	1
3.83926	32	0
8.42969	32	1
2.96291	32	0
1.64838	32	1
2.29521	32	1
6.4266	32	1
5.42505	32	1
2.86891	32	1
10.7457	32	0
3.47876	32	1
9.45585	32	1
0.760432	32	1
1.06414	32	0
7.77955	32	0
30.735	32	0
22.5974	32	0
22.3262	32	0
35.0542	32	0
13.5418	32	1
2.23262	32	1
6.40573	32	0
5.46678	32	1
2.64993	32	1
0.459043	32	1
13.2705	32	0
8.11671	32	1
2.64993	32	1
7.94978	32	0
0.479908	32	0
0.646833	32	0
29.0183	32	0
16.0039	32	1
6.71871	32	1
5.04947	32	1
15.2319	32	0
0.918085	32	1
6.16931	32	0
1.98223	32	1
10.1407	32	1
5.41189	32	1
6.77088	32	1
8.98263	32	0
28.2103	32	1
0.855488	32	0
30.4116	32	1
33.9587	32	0
10.0781	32	1
0.584236	32	0
3.76624	32	1
5.41462	32	0
8.86787	32	1
12.7489	32	1
0.82419	32	0
4.49653	32	1
2.00309	32	0
10.4954	32	1
1.3354	32	1
2.08656	32	1
2.04483	32	1
7.6055	32	0
8.00195	32	0
3.32909	32	0
3.18722	32	1
1.66925	32	0
3.12984	32	1
2.39173	32	0
10.9283	32	1
9.55121	32	1
5.38332	32	1
13.6409	32	0
1.14761	32	0
10.6832	32	0
29.0423	32	0
21.9506	32	0
27.7408	32	1
5.92582	32	0
19.6945	32	0
19.2772	32	1
15.0519	32	1
5.05902	32	0
22.2323	32	1
3.48455	32	0
12.5141	32	0
15.5553	32	0
5.50329	32	1
4.84081	32	0
33.5466	32	1
3.66712	32	1
5.27899	32	0
1.99788	32	0
1.91963	32	0
17.2193	32	0
0.417311	32	1
9.87985	32	0
8.50272	32	0
4.41307	32	0
8.50272	32	0
2.46214	32	1
13.2079	32	1
0.813757	32	1
23.3393	32	0
9.32691	32	0
38.9769	32	1
1.96136	32	0
5.16423	32	0
0.406879	32	1
9.86941	32	0
8.65921	32	0
13.9799	32	1
27.48	32	1
3.67234	32	1
2.88038	32	1
12.728	32	1
6.73958	32	0
3.09484	32	0
5.65457	32	1
7.64723	32	1
11.0588	32	0
4.31917	32	1
1.08501	32	0
6.23881	32	0
2.60922	32	1
15.7744	32	1
7.15689	32	1
20.5317	32	1
0.751161	32	0
33.8648	32	0
0.829474	32	1
5.40418	32	0
2.14915	32	1
26.7914	32	0
8.28363	32	1
0.0834623	32	0
8.78441	32	1
4.88254	32	0
5.98842	32	1
8.46163	32	0
0.250387	32	1
3.46368	32	0
1.3354	32	0
10.871	32	0
0.992983	32	1
1.39799	32	1
16.6925	32	0
0.834623	32	1
29.5874	32	1
18.1739	32	1
4.3609	32	1
1.89478	32	0
9.91115	32	1
3.71407	32	1
1.98223	32	1
13.6044	32	1
1.96136	32	1
5.38332	32	0
2.50387	32	1
19.1963	32	0
8.01211	32	0
13.7504	32	1
4.59043	32	0
0.56337	32	1
9.55643	32	1
22.6391	32	1
12.1229	32	1
27.167	32	0
0.166925	32	1
1.93312	32	0
19.6345	32	1
3.48391	32	0
25.456	32	1
13.7713	32	1
16.3586	32	0
22.66	32	1
3.42195	32	0
5.21639	32	0
4.38177	32	0
2.02095	32	1
4.82243	32	0
6.63525	32	0
4.59043	32	1
8.88873	32	1
32.8841	32	1
8.01238	32	1
23.4112	32	1
7.38641	32	0
5.04947	32	1
3.12984	32	1
4.21485	32	1
2.92118	32	1
2.25348	32	1
1.50232	32	0
10.1407	32	1
1.37713	32	0
2.62906	32	1
7.34468	32	0
0.333849	32	1
5.21639	32	0
7.76199	32	0
5.38332	32	1
14.0634	32	0
4.25658	32	1
2.29521	32	1
8.3045	32	0
12.8115	32	1
16.1667	32	1
24.5579	32	1
35.8053	32	1
1.37713	32	1
22.7435	32	0
18.1113	32	1
14.9815	32	1
12.1438	32	1
31.5564	32	0
9.97374	32	0
20.4104	32	0
19.1963	32	0
5.55024	32	1
22.8687	32	0
5.00774	32	1
20.67	32	1
21.5333	32	1
18.1437	32	0
12.3107	32	0
23.2442	32	0
5.80063	32	0
0.250387	32	1
17.8915	32	0
4.08965	32	1
0.125193	32	0
30.9228	32	0
0.459043	32	0
17.156	32	1
1.83617	32	0
3.29676	32	0
8.51315	32	0
3.38022	32	1
2.57058	32	1
24.4544	32	1
3.2133	32	1
6.05102	32	0
43.6508	32	0
21.1577	32	0
12.4776	32	0
2.23233	32	0
4.88254	32	0
28.5858	32	1
2.57547	32	1
5.78068	32	0
5.17466	32	0
25.6229	32	0
12.5193	32	0
7.13603	32	0
3.29676	32	0
2.21175	32	1
20.9908	32	0
54.2922	32	0
11.5865	32	0
9.7384	32	0
12.1229	32	0
11.9768	32	0
15.4405	32	1
17.4436	32	0
15.3458	32	1
5.21639	32	1
7.75994	32	1
18.2389	32	0
0.471396	32	0
2.79136	32	0
36.5565	32	0
4.45664	32	1
1.50232	32	1
15.2432	32	1
14.1051	32	0
1.00155	32	0
10.3493	32	0
0.918085	32	1
9.18085	32	1
7.12756	32	0
5.42505	32	0
8.1793	32	0
6.99094	32	0
8.15982	32	1
20.5317	32	1
5.81197	32	0
3.4172	32	1
10.7461	32	1
0.131481	32	0
0.166925	32	0
7.17776	32	1
2.44085	32	0
4.4235	32	0
2.97113	32	1
7.2412	32	1
12.269	32	1
5.67544	32	0
0.968572	32	1
21.351	32	0
5.22918	32	1
24.6766	32	1
31.1314	32	0
4.90694	32	1
13.4443	32	1
3.98673	32	0
3.74264	32	1
46.2986	32	1
3.58888	32	1
23.1881	32	0
2.67079	32	0
6.09275	32	1
15.2147	32	1
3.13629	32	1
31.7157	32	1
0.333849	32	0
11.9351	32	0
3.70857	32	1
0.751161	32	0
3.01954	32	1
2.40616	32	1
2.75426	32	0
23.8702	32	1
15.7744	32	0
9.27525	32	1
27.1252	32	1
19.3641	32	0
17.0046	32	1
3.8864	32	1
23.1191	32	0
33.8857	32	0
32.9267	32	1
24.7883	32	0
6.87479	32	1
6.75303	32	1
4.07579	32	1
2.51527	32	1
7.30334	32	1
1.78996	32	1
14.8032	32	0
14.2605	32	0
2.25348	32	0
24.0189	32	1
1.97173	32	1
14.4824	32	0
53.6116	32	1
23.073	32	0
26.1494	32	0
14.882	32	0
0	32	1
17.2275	32	0
4.55626	32	1
20.9913	32	1
8.38728	32	1
17.6105	32	1
4.63762	32	0
4.37154	32	1
5.03856	32	0
16.5978	32	0
1.7893	32	1
4.60006	32	1
13.361	32	1
1.32314	32	0
2.7663	32	0
21.5202	32	0
0.0436008	32	0
2.67079	32	0
1.66792	32	0
12.245	32	0
10.577	32	1
7.07945	32	0
2.18842	32	1
0.109928	32	1
32.382	32	1
18.5982	32	1
1.20112	32	0
0.610213	32	0
0	32	1
4.8683	32	0
2.50387	32	0
6.02077	32	1
3.09175	32	0
3.6206	32	1
1.65649	32	1
17.8182	32	1
7.15984	32	1
27.5003	32	0
14.6894	32	1
0.541176	32	1
15.3774	32	0
65.2321	32	1
4.39354	32	0
7.32256	32	0
2.30664	32	0
2.04097	32	1
9.5147	32	0
7.4446	32	1
0.732256	32	1
2.10608	32	1
4.39354	32	0
5.77669	32	1
28.6295	32	0
4.75735	32	0
22.4191	32	1
23.6763	32	0
13.2213	32	1
2.35949	32	1
1.912	32	1
4.55626	32	1
4.39354	32	0
6.95643	32	0
21.9677	32	1
10.4957	32	1
1.58656	32	0
12.2043	32	0
4.84103	32	0
6.02077	32	0
5.41056	32	0
24.6526	32	0
6.72547	32	0
3.4172	32	0
0.531301	32	0
1.77303	32	0
10.8618	32	0
6.56485	32	1
1.31684	32	0
3.01039	32	1
2.81205	32	0
3.37651	32	1
1.34247	32	0
24.9374	32	0
13.9942	32	0
14.5434	32	1
3.13243	32	0
13.2979	32	0
4.33252	32	0
23.832	32	0
26.5036	32	1
6.50552	32	0
2.0137	32	0
2.08545	32	0
5.95975	32	0
12.1026	32	1
6.36656	32	0
2.19677	32	1
1.93234	32	0
12.9772	32	1
23.1474	32	1
0.569533	32	0
1.36281	32	1
5.0612	32	1
1.54587	32	0
17.6148	32	1
7.18018	32	1
21.032	32	1
14.7061	32	1
34.3143	32	1
9.86512	32	0
6.77337	32	0
24.2458	32	0
36.7698	32	1
1.78996	32	0
3.88503	32	1
8.48197	32	0
41.8981	32	1
7.9938	32	1
2.25779	32	1
16.1707	32	0
12.6314	32	0
14.2587	32	1
26.8214	32	1
29.276	32	1
0.305107	32	1
4.53592	32	0
25.2018	32	1
45.2575	32	0
0.488171	32	1
25.3239	32	1
9.72273	32	0
6.64116	32	0
6.81405	32	1
24.9781	32	0
2.10524	32	0
5.75635	32	0
10.6686	32	1
0.437012	32	1
20.4422	32	0
12.7331	32	1
6.16316	32	1
0.650894	32	1
13.4857	32	0
8.12229	32	1
17.2996	32	0
9.58087	32	1
8.12601	32	0
9.99733	32	0
34.9449	32	1
8.28873	32	1
4.02741	32	1
3.62632	32	0
10.4041	32	1
14.8061	32	1
9.92105	32	1
1.195	32	1
21.0625	32	1
2.84766	32	1
56.6176	32	1
8.13364	32	0
90.2023	32	0
3.09175	32	0
40.8436	32	1
5.45124	32	1
2.64426	32	1
0.488171	32	1
17.8996	32	0
2.52222	32	1
5.28725	32	0
1.86624	32	1
11.3907	32	0
6.1835	32	0
4.23971	32	1
0.976342	32	1
7.30222	32	1
23.3	32	1
2.92902	32	0
34.6347	32	0
43.6608	32	0
1.74419	32	1
17.3351	32	1
12.9264	32	1
18.0115	32	1
1.94251	32	0
10.6482	32	1
18.0827	32	1
45.2982	32	0
0.162724	32	0
29.5648	32	0
15.835	32	1
10.2312	32	0
69.6762	32	1
19.4862	32	0
5.35971	32	0
0.325447	32	0
6.89541	32	0
5.75635	32	0
19.0183	32	1
4.87154	32	1
31.8226	32	1
16.2927	32	0
20.7473	32	0
3.7223	32	1
0.406809	32	0
0.244085	32	0
0.366128	32	18.6607
6.73269	32	0
3.88503	32	1
9.1532	32	1
0.0203404	32	0
38.4638	32	0
12.6111	32	0
6.67167	32	0
15.1536	32	0
0.547048	32	1
0.610213	32	1
33.7651	32	0
15.0113	32	1
19.3844	32	0
0.448169	32	1
0.535355	32	0
1.54587	32	0
19.181	32	1
34.7309	32	0
21.2354	32	0
7.91243	32	0
54.0649	32	0
11.8788	32	0
2.25779	32	1
4.16979	32	1
15.3977	32	1
5.45124	32	1
9.62103	32	0
8.33958	32	1
12.5501	32	0
3.824	32	1
35.4127	32	1
3.84435	32	1
5.85805	32	0
21.7033	32	0
30.592	32	0
24.8153	32	0
3.824	32	0
12.9365	32	1
6.1835	32	1
0.650894	32	1
1.62724	32	1
5.12579	32	1
30.0225	32	0
8.62435	32	0
8.33958	32	0
11.7161	32	0
11.472	32	1
1.09838	32	0
31.5684	32	0
4.4749	32	1
7.20052	32	1
35.6771	32	1
27.2562	32	1
4.19013	32	1
3.17311	32	0
10.9838	32	0
7.15984	32	1
1.95268	32	1
11.1872	32	1
10.0075	32	1
12.0415	32	1
11.35	32	0
4.14945	32	1
12.9772	32	1
3.17311	32	0
30.0632	32	0
9.96682	32	1
2.31881	32	1
7.68869	32	1
11.5534	32	0
18.0216	32	1
31.4057	32	0
26.2799	32	1
21.9677	32	1
1.2651	32	1
34.5673	32	1
15.7028	32	0
17.9403	32	1
15.2147	32	0
3.57992	32	1
34.8228	32	1
26.1171	32	0
6.20686	32	1
7.32256	32	0
11.8374	32	1
11.5357	32	1
32.8952	32	1
8.59145	32	0
4.92239	32	1
34.172	32	0
1.54587	32	1
11.1872	32	1
8.78707	32	0
4.39354	32	1
18.248	32	1
29.9005	32	0
19.2827	32	1
10.2337	32	0
17.981	32	0
1.54587	32	1
13.1806	32	1
2.68494	32	0
7.48529	32	1
5.49192	32	0
10.488	32	0
26.0081	32	1
0.935661	32	1
1.83064	32	1
6.75303	32	1
20.3519	32	1
3.86469	32	0
16.9693	32	0
15.1248	32	0
1.99336	32	1
4.35286	32	0
7.93278	32	1
1.76532	32	0
1.0577	32	0
18.3418	32	1
28.878	32	0
1.95268	32	1
14.3847	32	0
38.1439	32	0
32.2642	32	1
9.36187	32	0
15.4587	32	0
2.52222	32	0
14.2223	32	0
18.1659	32	1
34.7267	32	0
2.03404	32	1
24.9781	32	0
1.95268	32	1
0.0813618	32	1
31.7311	32	0
23.839	32	1
3.01039	32	0
15.7028	32	1
2.36493	32	0
4.88171	32	0
14.0756	32	1
33.835	32	0
26.4426	32	0
2.68494	32	0
0.406809	32	1
3.64138	32	0
9.19388	32	1
4.96307	32	1
15.2147	32	1
8.62435	32	1
11.1466	32	0
0.287094	32	0
19.5268	32	0
25.6985	32	1
2.3974	32	0
30.348	32	1
8.70571	32	0
0.0813618	32	0
2.85886	32	0
91.9388	32	1
22.7813	32	0
1.38611	32	1
5.20716	32	0
10.9838	32	0
8.70571	32	0
6.36751	32	0
27.663	32	1
35.1483	32	1
9.99968	32	0
21.7908	32	1
12.4651	32	1
1.46451	32	0
2.19677	32	0
0.448416	32	0
1.70421	32	1
1.69373	32	1
0.89498	32	1
41.2504	32	0
7.72937	32	1
20.6577	32	0
9.19231	32	1
12.7367	32	0
8.91377	32	0
8.81954	32	1
1.78996	32	0
1.30179	32	1
9.36131	32	0
13.6763	32	0
17.847	32	0
21.805	32	1
3.66128	32	0
16.7493	32	0
32.201	32	0
15.8291	32	0
10.3136	32	1
0.493258	32	1
14.4838	32	0
3.4172	32	0
12.1521	32	0
40.2822	32	1
0.538099	32	1
1.08783	32	0
13.4247	32	0
38.6865	32	0
22.4656	32	0
2.04704	32	1
8.74411	32	0
24.4744	32	0
7.90005	32	0
72.5197	32	0
4.05208	32	0
21.3982	32	1
42.2856	32	0
8.16117	32	1
13.6767	32	1
6.19268	32	1
3.09407	32	1
27.1964	32	0
16.0992	32	0
15.6941	32	1
67.3969	32	0
25.3637	32	0
50.6934	32	0
25.9527	32	1
1.39009	32	0
17.2192	32	0
47.6442	32	0
9.51933	32	1
73.8691	32	0
5.42583	32	0
27.577	32	0
8.31812	32	1
15.6721	32	1
13.3628	32	1
3.45735	32	0
32.8476	32	0
16.569	32	0
0.717466	32	1
6.59172	32	1
14.6632	32	1
46.0508	32	0
14.7529	32	0
9.79446	32	0
4.01332	32	1
3.87815	32	1
2.35418	32	1
9.97726	32	0
10.8965	32	1
3.69943	32	0
6.74124	32	1
3.1277	32	0
6.87229	32	1
9.58156	32	0
41.6982	32	1
1.52461	32	0
19.8006	32	1
12.7126	32	0
14.1587	32	0
5.02469	32	1
20.6944	32	0
13.4749	32	0
5.73412	32	0
0.627783	32	0
23.7492	32	0
11.827	32	0
0.362199	32	1
16.3787	32	1
40.2902	32	0
0.0192778	32	1
33.435	32	0
14.2172	32	0
0.448416	32	1
18.9204	32	1
5.82941	32	1
7.17466	32	0
64.6581	32	0
20.8065	32	1
27.7845	32	0
31.029	32	1
0.179366	32	1
2.33176	32	1
8.14996	32	1
7.95939	32	0
26.8994	32	0
5.14862	32	0
23.611	32	0
5.29131	32	0
0.717466	32	1
15.134	32	1
5.33498	32	1
7.70155	32	1
25.9745	32	1
17.8987	32	0
20.8626	32	0
22.8692	32	1
4.29358	32	0
12.6229	32	1
11.6364	32	0
1.52461	32	1
6.87938	32	0
19.5509	32	1
5.99757	32	0
4.38327	32	1
2.51113	32	0
1.25557	32	0
1.96182	32	1
5.17921	32	1
6.19304	32	1
63.6302	32	0
22.3872	32	0
11.6812	32	0
3.20618	32	0
23.3625	32	0
6.2554	32	0
1.32283	32	1
8.20601	32	0
15.1789	32	0
3.27344	32	0
16.995	32	0
19.2595	32	0
6.96242	32	0
0.0120103	32	0
2.84744	32	0
2.67299	32	1
3.81887	32	0
0.358733	32	0
7.44371	32	0
2.33176	32	1
1.43493	32	1
26.8601	32	1
1.99545	32	1
16.5999	32	0
18.4299	32	1
16.569	32	1
5.56036	32	1
68.944	32	0
1.51879	32	0
8.43022	32	1
51.7024	32	1
6.02856	32	1
17.9142	32	1
11.2552	32	1
2.26714	32	1
3.18375	32	0
0.224208	32	0
1.56989	32	0
19.3043	32	0
21.95	32	1
44.5277	32	1
0.662712	32	0
0.179366	32	1
3.07394	32	1
2.73534	32	1
3.82705	32	0
3.88897	32	0
2.82502	32	0
17.9948	32	1
25.6942	32	1
11.9727	32	0
6.1719	32	0
18.0263	32	1
3.81154	32	1
19.1474	32	1
23.3013	32	0
16.8611	32	0
7.26434	32	1
16.3223	32	0
13.9906	32	1
0	32	0
6.23298	32	1
10.8411	32	0
12.5108	32	0
0.358733	32	0
26.2105	32	1
9.47345	32	1
14.4838	32	1
12.601	32	1
2.46629	32	1
3.2955	32	0
5.24647	32	1
13.4973	32	1
5.33615	32	0
23.9006	32	0
2.55597	32	1
15.2013	32	1
3.04923	32	1
2.4851	32	0
8.92348	32	1
12.9144	32	0
1.03136	32	1
6.31927	32	0
34.259	32	0
6.63656	32	1
2.41142	32	1
19.9994	32	0
8.25299	32	1
5.59795	32	0
1.21072	32	0
23.2228	32	0
0.19468	32	0
0.0861222	32	1
14.2596	32	1
17.6228	32	0
5.04711	32	1
6.75097	32	1
4.82285	32	0
2.42145	32	0
8.40115	32	0
5.38099	32	1
16.7093	32	0
9.73181	32	1
5.91909	32	0
2.42145	32	0
15.7146	32	0
2.00791	32	1
13.2731	32	0
0.941674	32	0
6.64151	32	1
6.88727	32	0
7.2195	32	1
12.4211	32	1
9.26763	32	1
19.5958	32	1
0.0753344	32	0
1.03347	32	0
0.0448416	32	0
1.25557	32	1
34.7074	32	0
2.14292	32	0
0.672624	32	1
17.4882	32	0
0.224208	32	0
6.26925	32	1
12.0521	32	1
7.26434	32	0
25.1113	32	0
1.47977	32	0
1.79836	32	0
2.55597	32	0
10.7807	32	0
20.3234	32	0
9.3012	32	0
2.19247	32	1
4.70837	32	1
35.224	32	0
13.4525	32	0
7.30918	32	0
11.7847	32	0
2.61002	32	0
12.5557	32	1
4.77357	32	0
8.51991	32	1
3.04923	32	0
19.2053	32	1
11.5731	32	1
20.5771	32	0
16.8423	32	1
1.52461	32	0
0.26905	32	1
4.21511	32	1
0.848143	32	1
10.0213	32	1
11.5691	32	1
14.0379	32	0
3.31828	32	0
6.93791	32	0
3.04923	32	0
1.6143	32	0
8.87864	32	1
10.9979	32	1
0.275415	32	0
2.49755	32	0
1.83691	32	1
4.76383	32	0
8.78896	32	0
0.204257	32	0
15.0442	32	0
8.69927	32	1
6.45917	32	0
14.8719	32	1
12.8478	32	1
0.861222	32	1
7.89212	32	0
10.2637	32	1
1.5629	32	0
2.67518	32	1
0.823811	32	1
7.38604	32	1
0.362356	32	1
0.0896832	32	0
10.2518	32	0
20.089	32	0
1.59134	32	1
14.3493	32	0
1.97303	32	1
3.61713	32	1
15.4255	32	0
0.717466	32	0
19.0191	32	1
19.8081	32	1
5.23814	32	1
3.18652	32	0
2.75736	32	0
8.08438	32	0
22.7214	32	0
7.14815	32	1
5.29131	32	1
4.57994	32	1
0.896832	32	1
14.708	32	0
12.6134	32	0
12.9774	32	0
1.98081	32	0
7.17895	32	1
18.344	32	1
11.1385	32	0
8.48286	32	1
5.26589	32	1
8.88203	32	0
5.16733	32	1
2.70801	32	0
11.1959	32	0
17.7573	32	1
23.9163	32	0
17.1308	32	1
43.2501	32	0
30.1285	32	0
0.495847	32	1
0.986515	32	1
2.92816	32	0
9.32167	32	1
6.72624	32	0
41.1722	32	0
19.0961	32	0
3.8755	32	1
4.26602	32	0
28.3399	32	0
8.07149	32	1
0.615409	32	1
0.702144	32	0
10.129	32	0
3.37631	32	0
14.2532	32	1
5.16733	32	0
2.6905	32	1
1.37796	32	0
14.0803	32	0
11.7485	32	1
3.95343	32	1
8.97741	32	0
23.7267	32	1
6.22087	32	0
18.0263	32	0
6.71754	32	0
22.4779	32	0
8.91785	32	0
2.36051	32	1
8.92551	32	0
5.02996	32	1
10.4929	32	1
4.48416	32	1
2.62673	32	0
19.5067	32	1
4.03574	32	0
2.8874	32	1
1.34525	32	0
5.11194	32	0
5.17043	32	1
2.57545	32	0
15.9326	32	0
7.88587	32	0
7.31721	32	1
3.88827	32	1
13.5246	32	1
3.57407	32	0
6.41611	32	1
1.36792	32	1
25.2642	32	0
0.478168	32	0
9.68875	32	1
1.85576	32	1
15.1575	32	1
1.44141	32	1
4.24742	32	1
55.3303	32	0
0.249659	32	1
5.91909	32	1
2.60081	32	1
2.28224	32	1
0.645917	32	0
19.3344	32	0
10.4591	32	1
1.46408	32	1
8.61222	32	0
4.22218	32	0
2.15306	32	0
4.30611	32	1
11.3057	32	1
10.593	32	0
1.67938	32	1
52.4484	32	0
18.2149	32	1
1.9714	32	1
4.19737	32	0
7.44957	32	0
0.258367	32	1
11.5691	32	1
0.800345	32	1
13.2731	32	0
37.2185	32	0
2.06038	32	1
3.14346	32	1
7.05623	32	1
8.43022	32	1
5.91184	32	1
11.7987	32	1
15.9137	32	0
9.95484	32	0
1.03347	32	0
14.4958	32	1
2.90332	32	0
17.7377	32	0
4.59378	32	1
3.40796	32	0
2.60081	32	1
1.97303	32	1
3.05126	32	1
0.645917	32	0
4.73672	32	1
0.0861222	32	0
1.16265	32	1
7.32039	32	0
11.7126	32	0
1.59326	32	1
2.11654	32	0
3.71227	32	0
7.98181	32	1
13.9924	32	1
0.256377	32	0
1.88335	32	1
1.70398	32	1
23.1693	32	1
16.246	32	0
9.33921	32	1
11.4907	32	1
16.1921	32	1
1.48763	32	0
3.70326	32	0
4.30611	32	0
26.2382	32	1
2.28224	32	0
25.1477	32	0
15.5451	32	1
22.9589	32	1
11.6275	32	1
20.2432	32	1
4.21999	32	0
2.47769	32	0
12.5308	32	0
26.0386	32	0
5.86362	32	1
1.85163	32	1
10.0332	32	0
5.08121	32	0
10.3347	32	1
17.5779	32	0
0.387843	32	1
1.24931	32	1
9.34426	32	1
3.30854	32	0
1.8034	32	1
9.861	32	1
3.48492	32	1
5.97539	32	1
12.4662	32	1
0.861222	32	0
19.2699	32	0
12.8107	32	1
16.3223	32	1
10.2916	32	0
4.82926	32	0
1.87316	32	0
1.37796	32	0
2.47108	32	1
13.8657	32	1
5.54275	32	1
7.59038	32	0
8.46151	32	1
10.2916	32	1
7.32039	32	1
11.7987	32	1
4.60754	32	0
12.8247	32	0
14.4241	32	1
6.9759	32	1
2.21765	32	0
36.3436	32	1
10.3616	32	0
0.448416	32	0
0.246582	32	1
9.35569	32	0
15.107	32	1
5.9855	32	1
22.7578	32	0
1.73437	32	1
7.87745	32	0
26.0304	32	0
4.45683	32	1
0.717466	32	0
1.18418	32	1
6.94673	32	1
10.7438	32	1
3.31571	32	0
0.990406	32	1
46.5546	32	0
9.07617	32	1
4.30479	32	1
4.58384	32	1
4.41993	32	1
5.56036	32	1
0.344489	32	1
1.9182	32	1
2.91602	32	0
1.52867	32	0
5.6392	32	0
14.447	32	0
13.0045	32	0
1.64408	32	1
27.473	32	1
4.47836	32	0
16.5017	32	0
3.52249	32	0
4.382	32	0
4.88744	32	18.5867
3.33724	32	0
5.5636	32	0
6.99529	32	0
9.0859	32	0
0.344489	32	1
6.17789	32	1
3.98315	32	0
30.9394	32	1
4.62907	32	0
0.861222	32	0
5.61595	32	0
4.8085	32	0
9.01054	32	1
1.42102	32	0
39.2072	32	1
4.28458	32	1
6.20333	32	0
12.0141	32	1
6.95437	32	0
46.1508	32	0
0.279897	32	0
2.81727	32	0
10.8514	32	0
16.2728	32	1
5.63165	32	0
0.947345	32	1
8.21886	32	1
3.35877	32	1
13.0691	32	0
10.4854	32	1
7.56799	32	1
9.49661	32	0
8.02014	32	1
0.236836	32	0
5.6733	32	1
1.15514	32	0
5.07045	32	1
16.0721	32	0
5.32881	32	0
0.516733	32	0
4.85514	32	1
1.29183	32	0
3.49872	32	1
1.49637	32	0
4.63984	32	1
9.29044	32	0
1.22204	32	0
12.2574	32	0
1.63632	32	0
14.2801	32	1
2.92816	32	1
11.2282	32	1
2.6905	32	0
3.35877	32	1
4.60754	32	1
4.39223	32	0
10.7545	32	0
14.4632	32	1
6.3246	32	0
3.78938	32	1
4.90359	32	1
2.04072	32	0
6.54529	32	1
9.38194	32	0
1.72244	32	0
4.21999	32	1
28.415	32	0
0.00308131	32	0
0.057888	32	1
6.71754	32	0
21.5279	32	1
1.37796	32	1
28.9344	32	1
13.0664	32	0
7.96631	32	1
8.20081	32	0
13.0031	32	1
4.81951	32	0
17.0966	32	0
20.8697	32	1
14.2102	32	1
8.35386	32	1
14.9422	32	0
0.516733	32	0
4.47836	32	1
6.3717	32	0
0.0430611	32	0
13.9505	32	0
21.0928	32	0
4.30611	32	0
0.344489	32	1
0.236836	32	1
1.72244	32	0
1.11959	32	1
4.99509	32	0
8.95402	32	1
10.3212	32	0
2.75322	32	0
4.88744	32	24.3203
0.0861223	32	0
11.831	32	1
7.91786	32	0
4.02794	32	0
18.3032	32	1
12.5685	32	1
4.47836	32	0
5.9209	32	0
16.8692	32	0
5.50644	32	0
7.14276	32	0
3.0089	32	0
42.5711	32	1
8.52072	32	1
12.3424	32	0
7.48725	32	0
6.79289	32	0
4.08542	32	1
2.92816	32	0
0.575401	32	1
2.23918	32	1
14.6246	32	1
5.03277	32	0
15.0154	32	0
7.82636	32	1
6.7606	32	1
8.68758	32	1
16.2771	32	1
4.29535	32	0
0.861222	32	0
7.05126	32	1
7.56799	32	1
6.01779	32	1
3.95086	32	0
0.0861222	32	0
2.58367	32	1
9.10743	32	0
12.5416	32	1
37.7431	32	1
8.33233	32	1
9.09666	32	0
0.645917	32	0
16.045	32	1
10.4746	32	0
16.6957	32	0
4.39379	32	1
0.322958	32	0
35.913	32	0
3.64943	32	0
10.4639	32	1
28.3127	32	0
25.3953	32	0
5.31805	32	0
4.45683	32	1
0.344489	32	0
5.66254	32	0
9.94712	32	0
22.2841	32	1
2.99275	32	0
5.57642	32	1
2.64826	32	1
1.52867	32	0
4.52142	32	0
3.76785	32	0
7.01896	32	1
0.150714	32	0
14.5762	32	0
12.3155	32	1
16.1049	32	0
10.1409	32	1
2.73438	32	1
7.10509	32	1
7.19121	32	1
4.11234	32	1
3.07887	32	0
11.282	32	1
0.236836	32	1
0.732039	32	0
12.4016	32	0
3.5956	32	1
10.6792	32	1
7.2558	32	0
19.4206	32	1
5.29652	32	1
8.11702	32	0
16.4493	32	1
28.6787	32	0
12.6072	32	0
23.5329	32	0
0.7751	32	0
3.07887	32	0
14.6838	32	0
2.26071	32	0
29.4323	32	1
4.1554	32	0
1.29183	32	1
4.56448	32	0
17.2029	32	1
17.7197	32	0
10.0548	32	1
5.96397	32	1
1.16466	32	1
6.11468	32	0
27.2146	32	0
0.990406	32	0
2.73681	32	0
18.8823	32	0
2.23918	32	0
17.5905	32	0
12.0715	32	0
7.10509	32	0
3.74632	32	1
1.52867	32	0
5.33958	32	0
41.6186	32	1
16.5355	32	0
13.4135	32	0
0.732039	32	1
13.857	32	1
17.3967	32	0
19.7651	32	1
0.344489	32	0
3.29418	32	1
5.68407	32	0
12.0571	32	0
0.344489	32	1
0.818161	32	0
6.54529	32	0
0.258367	32	0
0.172244	32	0
10.1194	32	0
14.3824	32	0
17.5259	32	0
25.6644	32	0
6.93284	32	0
3.1004	32	1
12.4447	32	1
0	32	0
3.8755	32	1
17.7412	32	1
16.4726	32	1
2.02387	32	1
13.1336	32	0
53.3958	32	1
4.21999	32	0
7.36345	32	0
1.46423	32	0
8.56916	32	1
7.5357	32	0
25.2323	32	1
1.03347	32	0
76.2613	32	0
1.37796	32	1
19.4636	32	1
4.45286	32	1
1.20571	32	0
32.8556	32	0
60.6731	32	1
2.19612	32	0
20.3679	32	0
26.9563	32	0
22.8809	32	0
47.4964	32	0
18.9038	32	1
0.172244	32	0
5.46876	32	0
1.87489	32	0
9.73181	32	0
1.20571	32	1
27.0854	32	0
5.29212	32	0
14.3824	32	1
54.5769	32	1
12.66	32	1
6.24386	32	0
7.05467	32	0
10.8907	32	1
2.58367	32	1
6.7606	32	0
29.1954	32	1
10.4208	32	0
0.645917	32	0
4.00468	32	0
27.3008	32	1
0.818161	32	1
5.29652	32	0
0.129183	32	1
13.9518	32	0
22.4155	32	0
22.1947	32	1
2.15306	32	0
5.9855	32	0
5.81325	32	0
4.62571	32	1
43.094	32	1
0.928801	32	1
19.8512	32	1
24.6415	32	1
27.3438	32	0
11.6696	32	0
1.24877	32	1
18.6455	32	1
2.40031	32	0
11.5834	32	0
10.55	32	0
0.38755	32	0
11.8849	32	0
7.10509	32	1
12.5308	32	0
12.7892	32	0
14.3288	32	0
5.55488	32	0
79.3448	32	0
0.38755	32	1
15.6312	32	1
8.45301	32	0
4.73672	32	0
1.10981	32	1
3.74632	32	0
1.93775	32	1
12.3585	32	0
1.46408	32	1
0.602856	32	0
15.2436	32	1
1.29183	32	1
1.29183	32	0
6.2008	32	0
2.92816	32	1
0.818161	32	0
0.275625	32	1
17.0211	32	1
27.1285	32	0
2.41142	32	0
7.751	32	0
11.6696	32	0
7.54262	32	1
3.14346	32	0
22.1391	32	1
13.9949	32	0
2.42142	32	0
21.9612	32	0
9.93161	32	0
27.6452	32	0
8.28582	32	1
17.2244	32	0
33.3293	32	0
13.1767	32	1
1.92568	32	0
2.15306	32	0
9.73181	32	1
17.5797	32	0
4.30611	32	0
11.8934	32	1
12.3155	32	1
19.4426	32	0
29.1234	32	1
8.11887	32	0
4.47836	32	0
75.7015	32	1
7.23427	32	0
3.1004	32	1
8.09549	32	0
2.58367	32	0
4.13387	32	0
20.6693	32	0
6.80366	32	0
19.033	32	0
19.1191	32	1
2.66979	32	1
6.71754	32	0
43.4602	32	0
5.07867	32	1
1.30216	32	0
2.58367	32	0
2.06693	32	1
10.8252	32	1
21.9806	32	1
7.53617	32	0
13.2442	32	0
1.89469	32	0
3.18652	32	0
14.3861	32	0
2.49755	32	0
13.1767	32	0
3.78996	32	1
1.20218	32	1
7.66488	32	0
21.1861	32	0
7.14815	32	0
15.8177	32	1
14.2436	32	1
11.7987	32	1
4.39223	32	0
7.76278	32	1
3.42858	32	0
5.6115	32	1
48.2575	32	1
8.4592	32	0
3.07089	32	0
17.3967	32	1
9.15224	32	0
1.25055	32	1
7.42054	32	0
7.47791	32	0
6.06582	32	0
0.176212	32	0
11.6303	32	1
29.5467	32	1
5.91111	32	1
4.66306	32	0
19.9804	32	1
16.7163	32	0
2.99863	32	0
10.1187	32	0
1.62566	32	1
6.90816	32	0
0.602856	32	0
6.28692	32	1
45.7253	32	0
0.275551	32	0
9.90406	32	0
4.21616	32	1
12.574	32	0
62.1593	32	1
5.54158	32	1
35.1943	32	1
19.4648	32	1
6.44035	32	0
5.95621	32	0
0.142436	32	1
14.3162	32	1
3.08181	32	0
1.80857	32	0
4.77162	32	1
32.2025	32	0
18.5954	32	0
4.56448	32	0
12.4016	32	0
46.5467	32	1
21.1139	32	0
8.04765	32	1
15.9551	32	0
9.26798	32	1
3.18458	32	0
28.2986	32	1
0.640963	32	0
12.2495	32	0
7.12182	32	0
10.0105	32	0
4.24647	32	1
9.39938	32	1
106.534	32	1
11.2503	32	0
2.77751	32	0
25.3405	32	0
25.5783	32	1
2.42023	32	0
5.98233	32	0
15.2374	32	0
9.67954	32	1
18.0894	32	1
6.48128	32	1
45.2023	32	0
1.78045	32	0
7.41667	32	1
12.2495	32	0
6.52747	32	0
5.62624	32	0
16.0005	32	1
0.142436	32	0
3.27604	32	1
9.97054	32	0
66.8195	32	0
12.1796	32	0
15.5035	32	1
3.68891	32	0
2.63507	32	1
15.9326	32	1
24.2854	32	1
12.0462	32	0
50.7073	32	0
1.28193	32	0
8.95396	32	0
9.20893	32	0
9.97054	32	0
18.8728	32	0
3.28036	32	0
9.47202	32	1
5.62624	32	0
36.5158	32	1
0.881323	32	0
30.1253	32	1
6.37535	32	0
23.2171	32	0
2.66658	32	0
4.82285	32	1
13.52	32	0
9.82811	32	0
2.90756	32	0
6.12476	32	1
0.46559	32	1
2.36592	32	1
2.77751	32	1
7.97643	32	1
32.2832	32	1
0.925836	32	1
11.8222	32	0
26.1134	32	0
10.4576	32	1
5.90577	32	1
8.26131	32	1
9.3472	32	1
1.33942	32	1
7.65092	32	1
1.85167	32	1
2.42142	32	1
21.6918	32	1
9.32958	32	24.4559
7.0506	32	0
30.3168	32	1
0.26304	32	1
2.91994	32	1
2.06533	32	1
3.98822	32	0
8.90644	32	0
9.18714	32	0
48.4007	32	1
3.98822	32	0
3.20482	32	1
7.50468	32	0
18.8016	32	0
21.6503	32	0
6.97949	32	1
8.04765	32	0
7.23427	32	0
19.3237	32	0
8.031	32	1
21.1518	32	1
1.70655	32	0
12.1427	32	0
6.23941	32	0
41.5914	32	0
41.2323	32	0
0.142436	32	1
0.194713	32	0
17.1507	32	0
4.04515	32	1
1.88728	32	1
26.6	32	0
11.8222	32	1
19.2855	32	0
6.90816	32	0
28.2736	32	1
0.931228	32	0
9.08032	32	1
29.6193	32	0
29.1994	32	1
1.10388	32	1
17.8402	32	1
11.5017	32	0
4.09647	32	1
3.95261	32	1
10.0418	32	0
7.40669	32	0
1.4112	32	0
6.19598	32	0
23.5376	32	0
19.4782	32	0
16.2455	32	1
15.7748	32	1
10.0062	32	0
23.4664	32	1
2.98763	32	0
1.42436	32	0
25.4605	32	1
5.4838	32	0
9.75689	32	0
20.2616	32	1
0.320482	32	1
7.77295	32	23.3405
13.0685	32	1
8.51057	32	0
3.24043	32	0
19.2053	32	1
4.89458	32	1
17.947	32	0
32.0482	32	1
3.917	32	0
5.8839	32	1
4.20187	32	0
9.3255	32	0
18.344	32	1
5.66184	32	1
26.9561	32	1
13.3534	32	0
13.9944	32	1
1.20123	32	0
4.98527	32	0
2.59946	32	0
14.4262	32	1
2.12027	32	1
20.0402	32	0
4.98527	32	1
17.9962	32	0
23.0035	32	0
5.44819	32	1
5.51372	32	0
11.11	32	1
34.8613	32	0
4.47836	32	0
14.5997	32	1
26.1015	32	1
9.22275	32	1
7.4423	32	1
0.854618	32	0
5.83989	32	1
6.11468	32	0
14.4217	32	0
2.42142	32	0
1.45997	32	0
28.9366	32	0
2.68372	32	0
8.97349	32	1
4.3087	32	1
1.53119	32	0
5.89245	32	1
27.4031	32	0
5.55502	32	1
2.52824	32	1
9.82811	32	1
37.9949	32	0
6.76573	32	1
29.6242	32	0
9.86372	32	1
36.2857	32	0
4.94966	32	0
9.89932	32	1
4.37474	32	1
3.91698	32	1
20.8785	32	0
5.91111	32	1
0.696602	32	0
41.0758	32	1
6.11189	32	1
6.6589	32	0
2.24666	32	1
2.20776	32	1
17.9342	32	1
13.347	32	1
5.62624	32	0
5.02088	32	1
0.640963	32	0
14.443	32	1
4.25558	32	0
1.38875	32	0
13.7451	32	0
27.1163	32	0
1.1751	32	0
13.1576	32	1
20.8416	32	0
3.08019	32	1
7.86961	32	0
13.389	32	0
0.367413	32	0
13.2242	32	1
16.1009	32	1
2.368	32	0
13.5136	32	0
11.1991	32	1
8.02985	32	0
1.40656	32	0
5.82983	32	0
1.47778	32	1
0.907439	32	0
25.958	32	0
5.28795	32	0
14.119	32	0
4.82304	32	1
20.6711	32	0
3.67807	32	0
24.0183	32	1
6.48085	32	1
6.74792	32	1
5.36598	32	1
1.47778	32	0
21.6147	32	1
0.427309	32	1
8.97349	32	0
1.42436	32	0
2.68849	32	0
11.7154	32	0
15.027	32	0
0.836813	32	0
8.06546	32	1
3.40067	32	1
20.8847	32	0
20.1013	32	0
4.16626	32	1
6.55207	32	1
33.1521	32	0
11.84	32	0
11.2703	32	1
17.0211	32	0
1.8603	32	1
7.79839	32	0
2.62617	32	1
4.39772	32	0
3.56091	32	0
3.64993	32	1
21.953	32	1
5.97342	32	1
1.77877	32	1
12.1961	32	1
7.31767	32	1
0.747791	32	1
19.9856	32	0
18.0664	32	1
13.5136	32	0
4.83393	32	0
14.1082	32	0
0.462918	32	0
10.4246	32	0
7.99243	32	0
3.08019	32	1
3.90253	32	1
5.83544	32	0
4.83838	32	1
1.56235	32	0
4.80676	32	0
23.9783	32	1
35.5646	32	1
4.83838	32	1
10.2554	32	0
10.3889	32	0
33.4147	32	0
0.997054	32	0
1.46649	32	0
2.46189	32	0
25.3092	32	0
4.62473	32	0
23.0499	32	1
4.19742	32	1
10.981	32	0
6.94852	32	0
5.41258	32	1
14.2412	32	0
1.81606	32	1
25.3442	32	1
7.69156	32	1
19.013	32	0
4.77162	32	0
19.8688	32	0
10.2543	32	0
4.46862	32	1
1.7871	32	0
3.98766	32	0
10.2554	32	0
2.76861	32	1
6.90816	32	0
5.41258	32	0
25.7116	32	0
4.07702	32	1
13.1447	32	0
6.19598	32	1
8.12555	32	0
6.76573	32	1
0.284873	32	0
12.4632	32	0
3.67842	32	1
0.854618	32	0
10.4646	32	0
7.40669	32	0
11.3905	32	0
3.52499	32	0
22.0354	32	0
9.04026	32	0
7.11737	32	1
1.5502	32	1
7.82955	32	1
2.88434	32	1
2.27453	32	0
4.09504	32	0
1.63802	32	0
38.1418	32	0
6.76127	32	1
10.4602	32	1
6.82804	32	1
9.32068	32	1
19.1844	32	0
13.9284	32	1
3.13036	32	0
2.67068	32	0
15.2674	32	1
3.26713	32	1
1.10388	32	1
36.25	32	1
2.99116	32	0
1.70924	32	0
3.37396	32	1
40.63	32	1
21.312	32	0
5.34136	32	0
3.97931	32	1
9.82974	32	0
1.18491	32	0
0.569745	32	0
2.07406	32	0
48.8201	32	1
17.8936	32	0
22.2735	32	0
21.6681	32	1
3.56091	32	0
18.3539	32	0
0.106827	32	0
1.549	32	1
1.13949	32	0
6.83694	32	0
13.478	32	0
13.1219	32	0
14.9558	32	1
9.91713	32	0
1.49968	32	0
8.77764	32	0
15.0092	32	1
6.23159	32	0
1.21071	32	0
3.40524	32	1
9.2549	32	1
15.0804	32	0
1.13949	32	1
0.249264	32	0
12.2019	32	1
0.142436	32	1
2.29679	32	0
5.27113	32	0
41.6982	32	1
0.7834	32	0
3.34039	32	1
13.1219	32	0
6.6589	32	0
0.142436	32	0
4.52235	32	1
0.437483	32	1
2.52824	32	0
21.223	32	0
7.80506	32	1
0.284873	32	1
3.16921	32	0
5.71526	32	1
10.7361	32	0
30.3389	32	0
2.52824	32	1
8.58179	32	1
2.33239	32	1
5.16332	32	1
1.88728	32	0
1.1929	32	0
2.20776	32	1
2.85902	32	0
10.9915	32	1
38.1493	32	0
4.11285	32	1
1.40656	32	1
1.03266	32	0
25.3537	32	0
4.62918	32	1
19.9055	32	0
13.0329	32	0
50.247	32	1
3.98822	32	0
6.30281	32	1
4.61596	32	0
6.33842	32	0
9.70506	32	1
6.94377	32	1
2.3502	32	1
5.8755	32	1
0	32	1
40.2827	32	0
27.7395	32	0
5.80428	32	1
12.0003	32	0
16.7007	32	0
12.5191	32	1
2.13737	32	0
18.3283	32	0
10.1486	32	0
10.0368	32	1
16.1309	32	0
5.23454	32	1
8.97349	32	1
1.91068	32	1
15.846	32	1
2.63507	32	0
0.142436	32	1
2.70629	32	0
6.12476	32	0
1.38875	32	1
21.223	32	1
15.1695	32	0
2.77751	32	0
2.32764	32	1
5.27014	32	0
61.4688	32	1
1.21954	32	1
43.0158	32	1
5.62624	32	0
0.747791	32	0
2.45703	32	0
5.23454	32	1
18.4099	32	0
2.50722	32	0
1.10388	32	0
1.50069	32	0
18.944	32	0
8.72423	32	0
34.1491	32	1
39.2043	32	1
35.4886	32	0
4.02448	32	1
9.7925	32	0
73.6658	32	0
2.15168	32	1
17.4485	32	1
0	32	1
12.2783	32	0
12.7124	32	1
10.2441	32	0
17.3361	32	1
1.38875	32	0
17.9255	32	1
9.4008	32	0
2.17215	32	0
1.81077	32	1
8.01204	32	0
1.10388	32	0
3.917	32	0
1.99411	32	0
13.8519	32	0
2.10094	32	0
0.365862	32	1
0.546892	32	0
9.94147	32	0
26.3421	32	1
6.14228	32	1
3.45408	32	1
1.27585	32	0
4.82928	32	1
49.2253	32	0
7.69156	32	0
1.16391	32	1
22.048	32	0
10.0294	32	1
2.43296	32	0
6.89303	32	0
18.8728	32	0
15.5728	32	1
15.6101	32	1
6.32668	32	0
13.8875	32	0
40.1229	32	0
32.2618	32	1
0.62543	32	0
3.58542	32	1
3.63213	32	0
1.99411	32	0
2.27804	32	0
21.3207	32	1
17.2348	32	1
21.1646	32	1
22.6981	32	1
11.5305	32	1
7.19529	32	0
19.1468	32	1
6.24841	32	1
10.1827	32	1
43.1012	32	0
2.99116	32	0
0.7834	32	0
16.1665	32	0
5.78149	32	1
8.40374	32	1
27.4397	32	1
99.1486	32	1
44.8674	32	0
13.3946	32	0
25.14	32	0
21.1614	32	1
13.3178	32	1
27.0298	32	1
4.27309	32	0
26.5966	32	1
0.327137	32	1
27.8935	32	1
23.6445	32	1
20.235	32	1
9.45628	32	1
2.06533	32	1
16.3418	32	0
4.85397	32	0
1.42436	32	0
73.0505	32	0
3.78058	32	0
7.55809	32	1
4.23012	32	1
16.9111	32	0
21.8713	32	0
30.7893	32	1
9.75632	32	0
53.6985	32	1
19.9926	32	0
26.4821	32	0
7.90522	32	0
24.6347	32	1
5.3145	32	0
7.50035	32	0
11.7076	32	1
4.80939	32	1
12.8905	32	0
2.19517	32	0
5.86129	32	1
26.7251	32	0
9.3054	32	0
11.751	32	0
7.80506	32	0
5.62624	32	1
8.46553	32	1
56.6666	32	0
0.60977	32	0
10.9759	32	1
18.3809	32	0
7.73113	32	0
1.78045	32	0
2.19517	32	0
11.4637	32	0
7.80506	32	1
20.8541	32	0
13.8349	32	0
0.365862	32	1
6.95138	32	1
25.1613	32	0
4.07657	32	0
4.11491	32	0
10.6758	32	1
19.3713	32	0
26.702	32	1
12.8052	32	1
37.276	32	0
14.0247	32	0
6.21966	32	0
25.6046	32	0
6.70747	32	1
26.3507	32	0
28.4156	32	0
27.6836	32	1
70.3675	32	0
40.9831	32	1
5.64341	32	1
11.5856	32	1
26.4219	32	1
1.46345	32	0
5.01054	32	0
30.3666	32	1
4.02448	32	1
11.6086	32	1
0.365862	32	0
6.60566	32	0
5.0934	32	0
21.5859	32	0
0.284873	32	0
51.2861	32	0
14.3299	32	0
27.2492	32	0
13.2971	32	0
20.4883	32	0
17.3175	32	0
49.6353	32	0
9.26851	32	1
4.39035	32	0
8.41483	32	1
14.0119	32	1
1.34149	32	1
2.07322	32	1
16.7232	32	0
3.14932	32	0
37.9277	32	0
0.60977	32	1
9.14655	32	1
25.2112	32	0
24.2689	32	1
5.12207	32	1
8.94846	32	0
30.4885	32	1
13.7198	32	0
6.75416	32	1
6.92593	32	1
42.3748	32	0
11.7076	32	1
8.17092	32	0
0.514471	32	0
15.4882	32	1
19.6551	32	0
0.524391	32	0
23.9703	32	1
38.0497	32	1
24.8786	32	0
24.6957	32	1
4.93914	32	1
8.53678	32	1
26.1591	32	1
24.1469	32	0
7.4392	32	0
3.47569	32	1
21.0371	32	0
2.9269	32	0
23.368	32	0
1.40247	32	1
27.0128	32	0
5.93482	32	0
5.62705	32	1
23.3542	32	0
5.60989	32	1
18.598	32	1
5.55926	32	0
2.86592	32	1
30.3666	32	1
7.62213	32	0
16.4638	32	1
51.3933	32	0
15.566	32	0
2.80494	32	0
12.5003	32	0
15.1223	32	1
23.1103	32	1
15.5491	32	1
0.243908	32	1
40.6717	32	1
2.31713	32	0
3.51847	32	0
17.8074	32	1
9.39046	32	0
48.4767	32	1
6.28063	32	0
7.59671	32	0
13.1101	32	0
16.8297	32	1
0.243908	32	1
9.14655	32	1
0.190799	32	0
0.548793	32	0
5.42695	32	0
4.45132	32	1
22.8664	32	0
14.9394	32	1
5.12207	32	0
9.93925	32	0
9.45144	32	1
15.6101	32	1
22.0737	32	1
25.9152	32	0
22.8054	32	1
0.304885	32	0
21.4029	32	0
19.4517	32	0
16.9516	32	1
14.4516	32	1
63.3551	32	0
2.73357	32	0
12.2564	32	1
10.0002	32	1
8.35385	32	0
5.18305	32	0
18.2931	32	1
12.5003	32	0
0.914655	32	0
2.31713	32	0
22.1956	32	1
6.58552	32	0
5.18305	32	0
5.00012	32	1
15.0613	32	0
12.9881	32	0
14.6955	32	1
8.04897	32	1
8.78069	32	0
5.67086	32	0
20.3663	32	0
19.8785	32	0
6.6465	32	0
11.1588	32	1
6.15868	32	1
10.4271	32	0
35.0008	32	0
7.13431	32	0
17.1345	32	0
3.65862	32	1
31.3422	32	0
65.5503	32	1
18.4151	32	1
31.2812	32	1
25.6103	32	1
8.47581	32	1
28.9664	32	1
17.6224	32	1
7.86604	32	0
11.4637	32	0
15.5491	32	1
24.6347	32	0
1.17594	32	0
12.1954	32	1
4.87816	32	0
47.4401	32	1
0.243908	32	1
13.1101	32	1
11.7076	32	0
7.31724	32	1
25.1225	32	1
21.098	32	0
18.9639	32	0
30.5495	32	1
19.0858	32	0
9.51242	32	1
14.4516	32	1
52.7451	32	0
0.670747	32	0
63.2332	32	0
7.62213	32	1
13.4149	32	1
10.0612	32	0
31.4032	32	1
3.59764	32	0
14.7564	32	1
23.903	32	1
19.8175	32	0
4.87816	32	0
25.8543	32	1
0.670747	32	0
23.964	32	1
16.5248	32	1
5.36598	32	1
0.60977	32	1
12.1954	32	1
2.68299	32	0
18.9029	32	0
5.06109	32	1
40.7327	32	1
2.98787	32	1
11.7686	32	1
13.8418	32	0
3.10983	32	0
85.2459	32	1
5.54891	32	0
4.29888	32	0
8.38434	32	0
6.8904	32	0
6.98187	32	1
0.579282	32	1
13.3235	32	1
24.1164	32	0
9.39046	32	1
7.6831	32	0
13.7198	32	0
2.01224	32	1
8.90265	32	0
0.853678	32	0
0.82319	32	1
7.22578	32	1
4.87816	32	0
17.5004	32	1
11.0673	32	1
6.28063	32	1
16.8601	32	0
4.2379	32	1
5.67086	32	1
4.11595	32	0
18.5065	32	0
1.46345	32	1
3.14032	32	1
17.4699	32	24.8707
7.83555	32	1
30.1226	32	1
2.28664	32	0
4.84767	32	0
12.6527	32	1
27.0128	32	1
3.26227	32	0
38.8424	32	0
11.3417	32	1
1.09759	32	0
9.32948	32	1
7.62213	32	0
3.87204	32	0
6.03673	32	1
2.10371	32	1
7.74408	32	0
0.853678	32	1
27.7445	32	0
33.5983	32	0
9.17704	32	0
1.09759	32	0
8.2319	32	0
3.87204	32	1
5.00012	32	0
0.335374	32	0
17.5919	32	0
3.53667	32	0
7.74408	32	0
3.38422	32	0
19.4212	32	1
3.87204	32	1
21.9822	32	1
15.0308	32	0
2.86592	32	0
20.0005	32	0
14.0552	32	1
11.982	32	1
6.8904	32	1
3.35374	32	0
26.8299	32	0
29.7568	32	0
2.89641	32	1
9.0081	32	0
12.6222	32	1
11.4942	32	0
0.975632	32	0
11.7991	32	0
0.975632	32	1
1.55491	32	1
3.90253	32	1
30.7629	32	1
3.75009	32	0
26.525	32	1
8.50629	32	0
6.76845	32	0
8.87216	32	1
11.1588	32	0
6.31112	32	0
12.9576	32	0
8.81118	32	1
20.0919	32	0
5.82331	32	0
8.62825	32	0
2.43908	32	0
4.11595	32	1
4.60377	32	1
8.50629	32	0
0.396351	32	0
16.9821	32	0
39.879	32	1
13.5979	32	0
7.04285	32	0
22.6072	32	0
8.14043	32	0
2.89641	32	1
1.34149	32	1
8.26239	32	1
5.9605	32	0
17.7443	32	0
11.174	32	1
5.83855	32	0
21.6316	32	0
17.0126	32	0
3.91777	32	1
10.2137	32	1
1.5854	32	1
16.2199	32	0
36.1136	32	1
19.8785	32	1
10.5795	32	0
2.68299	32	1
25.7933	32	0
10.3051	32	0
4.13119	32	0
20.5645	32	1
12.1039	32	0
38.3698	32	0
5.85379	32	0
16.4943	32	0
13.4454	32	0
7.05809	32	0
9.49717	32	1
0.975632	32	1
2.40859	32	0
2.43908	32	24.7103
33.705	32	0
9.48193	32	0
27.9427	32	0
52.5317	32	0
11.1893	32	1
6.20441	32	0
16.7992	32	1
8.03372	32	1
5.35073	32	1
5.83855	32	1
4.86292	32	1
0.518305	32	1
1.95126	32	0
36.7691	32	1
20.1986	32	1
4.14644	32	1
6.0977	32	0
8.29288	32	1
2.43908	32	0
0.335374	32	0
10.2289	32	0
3.7196	32	1
20.4578	32	1
5.36598	32	0
27.5311	32	0
9.49717	32	1
9.69535	32	0
18.034	32	1
10.267	32	0
6.3035	32	0
4.13882	32	1
4.63425	32	1
8.40721	32	1
15.9074	32	1
3.35374	32	1
44.658	32	0
0	32	0
0.487816	32	1
7.43157	32	0
6.5779	32	0
7.30962	32	0
0.426839	32	0
14.5049	32	0
52.1735	32	1
5.48031	32	1
14.5049	32	1
1.21954	32	0
4.87816	32	0
2.9269	32	1
11.3836	32	0
0.274397	32	0
5.60989	32	0
1.34149	32	1
18.6552	32	1
2.31713	32	1
13.0491	32	0
9.2647	32	1
9.45144	32	1
8.53297	32	0
6.34161	32	0
10.9111	32	1
37.3103	32	1
20.111	32	1
23.3504	32	0
5.85379	32	1
26.8261	32	0
1.98175	32	1
16.7077	32	0
4.45132	32	0
8.04897	32	1
1.70736	32	1
20.3663	32	0
4.93914	32	1
3.41471	32	0
21.5249	32	0
31.952	32	0
5.36598	32	1
1.40247	32	1
1.21954	32	0
12.0735	32	1
27.1043	32	0
7.56115	32	0
0.0152443	32	1
6.34161	32	1
28.0485	32	0
0	32	0
10.9759	32	0
9.51242	32	1
16.0979	32	0
7.4392	32	0
24.0211	32	0
40.4849	32	1
15.1185	32	0
3.53667	32	1
1.46345	32	0
5.42695	32	1
1.89029	32	1
12.4393	32	1
14.6307	32	1
1.70355	32	1
5.84998	32	1
2.80494	32	1
20.9761	32	0
0.365862	32	1
63.1608	32	1
15.1223	32	1
9.75632	32	1
48.2862	32	1
11.5513	32	1
0.731724	32	0
3.90253	32	1
8.29288	32	1
2.43908	32	0
3.17081	32	1
1.57778	32	0
39.3149	32	1
37.1884	32	0
6.8904	32	1
1.46345	32	1
9.2304	32	0
11.7	32	1
17.4394	32	0
18.4074	32	1
4.08546	32	0
2.07322	32	0
5.12207	32	1
9.50479	32	1
0.762213	32	0
9.87066	32	1
18.8419	32	0
1.28052	32	1
4.63425	32	1
3.87204	32	0
0.0304885	32	0
5.85379	32	0
5.12207	32	1
10.9682	32	0
18.5218	32	1
4.14644	32	1
15.4119	32	0
39.7113	32	1
30.6867	32	0
3.29276	32	1
3.24703	32	1
43.1108	32	1
23.8573	32	1
4.61901	32	1
3.20129	32	1
12.0582	32	0
6.57027	32	1
2.1342	32	1
16.1894	32	0
11.9972	32	0
1.4482	32	1
0.670747	32	0
23.0493	32	1
1.18905	32	1
7.302	32	1
10.2289	32	1
3.64338	32	0
3.27751	32	1
4.14644	32	1
8.76545	32	1
10.7167	32	0
10.3356	32	0
7.78981	32	0
8.27763	32	0
2.9269	32	0
0.975632	32	0
39.9704	32	0
0	32	1
16.8449	32	0
3.88729	32	0
6.81418	32	1
3.15556	32	1
0.975632	32	1
3.4452	32	1
15.6254	32	0
12.2564	32	0
5.47269	32	0
2.7897	32	1
40.0162	32	1
2.9269	32	1
23.7201	32	1
5.10683	32	1
25.9	32	1
19.4517	32	1
0.243908	32	1
13.4302	32	0
9.72584	32	0
16.1742	32	1
0.487816	32	0
7.19529	32	0
3.88729	32	1
1.17381	32	1
16.9973	32	1
6.25014	32	0
10.4576	32	0
0.121954	32	1
35.3057	32	0
20.0614	32	0
6.3721	32	0
3.62813	32	0
1.09759	32	0
3.14032	32	0
3.17081	32	0
13.0491	32	0
9.20753	32	0
2.31713	32	0
1.18905	32	1
7.04285	32	0
21.5249	32	1
5.82331	32	0
13.354	32	1
0.426839	32	0
11.1588	32	0
9.23802	32	24.5921
12.1344	32	0
0.975632	32	1
13.6589	32	0
5.5794	32	1
0.274397	32	1
3.10983	32	0
0.121954	32	0
13.8113	32	0
0.792701	32	0
1.92078	32	24.7583
0.731724	32	0
4.84767	32	1
21.342	32	1
58.0196	32	1
11.6466	32	0
21.7993	32	1
12.8357	32	1
0.762213	32	1
18.3236	32	0
20.5797	32	1
4.2379	32	0
19.5736	32	0
18.0797	32	0
7.6831	32	0
1.79882	32	1
10.549	32	1
1.95126	32	1
4.42083	32	0
3.01836	32	0
36.0984	32	1
3.62813	32	1
15.4882	32	1
15.976	32	0
1.92078	32	1
2.04273	32	1
5.33549	32	0
11.1283	32	1
9.17704	32	1
0.914655	32	0
20.9761	32	1
1.21954	32	1
0	32	1
52.2268	32	1
0.457328	32	0
15.0003	32	1
0.243908	32	1
17.8358	32	0
9.299	32	0
4.57328	32	0
2.16468	32	0
21.281	32	1
13.8418	32	0
1.46345	32	1
20.6712	32	1
15.0003	32	1
14.6345	32	1
1.18905	32	0
2.6525	32	1
24.4213	32	1
1.92078	32	1
1.5854	32	1
1.12807	32	0
4.57328	32	1
2.40859	32	0
7.25627	32	1
4.08546	32	0
0.243908	32	1
16.4333	32	1
7.71359	32	0
2.89641	32	0
8.68923	32	1
1.92078	32	1
3.10983	32	0
0.130206	32	1
0.182931	32	0
5.76233	32	0
9.63437	32	1
3.96351	32	1
12.0735	32	1
21.22	32	1
0.853678	32	0
7.71359	32	0
16.1589	32	1
3.07934	32	0
2.89641	32	1
4.05497	32	0
4.93914	32	0
13.354	32	1
10.8234	32	0
18.7504	32	1
6.00624	32	1
4.57328	32	0
12.7747	32	0
2.40859	32	1
6.82943	32	0
74.0261	32	0
1.5854	32	1
0.853678	32	1
13.9332	32	0
3.14032	32	1
2.43908	32	0
8.38434	32	1
11.7686	32	0
3.90253	32	1
3.53667	32	1
2.3781	32	0
13.4759	32	1
2.43908	32	1
2.62201	32	1
4.32937	32	0
0.121954	32	0
6.34161	32	1
25.9152	32	1
8.59776	32	0
3.35374	32	0
10.9149	32	0
1.15856	32	0
23.2322	32	1
14.8784	32	1
7.86604	32	1
14.8784	32	0
11.5856	32	1
26.2201	32	0
18.659	32	1
14.3906	32	1
7.86604	32	1
3.35374	32	0
2.3781	32	1
12.9271	32	0
20.9151	32	0
5.60989	32	0
17.1345	32	24.5613
2.50006	32	0
30.1226	32	0
68.6601	32	0
1.03661	32	1
1.70736	32	1
27.2567	32	1
16.1487	32	0
6.70747	32	1
3.78058	32	1
5.97575	32	1
3.41471	32	0
0.487816	32	1
24.8176	32	0
0.670747	32	0
1.15856	32	1
23.1713	32	0
38.4155	32	1
19.6346	32	1
8.65874	32	1
4.14644	32	0
18.598	32	0
7.86604	32	1
0.243908	32	1
12.8662	32	0
2.50006	32	0
7.25627	32	1
9.45144	32	1
6.21966	32	0
6.0977	32	1
8.04897	32	0
7.50017	32	1
7.01236	32	0
1.28052	32	1
17.5614	32	23.818
12.8052	32	1
19.5126	32	1
2.62201	32	0
17.4394	32	0
13.5369	32	1
5.24402	32	1
5.24402	32	1
5.00012	32	1
1.64638	32	1
15.2443	32	1
6.28063	32	0
1.52443	32	0
15.976	32	0
29.8787	32	1
0.121954	32	1
7.13431	32	0
17.7443	32	1
11.5247	32	1
31.2202	32	1
15.6101	32	0
6.21966	32	1
36.2813	32	0
5.60989	32	0
3.17081	32	1
9.08558	32	0
14.0857	32	0
5.33542	32	1
17.7443	32	1
0	32	1
17.3175	32	0
0.487816	32	0
11.8295	32	1
15.5491	32	0
11.0978	32	1
5.42695	32	0
51.2207	32	0
1.70736	32	1
16.0979	32	1
16.5248	32	0
2.98787	32	0
4.63425	32	1
12.9881	32	0
0.853678	32	1
2.31713	32	1
6.76845	32	1
0.243908	32	1
14.2686	32	0
22.5005	32	1
6.0977	32	1
15.4882	32	1
65.9771	32	1
6.34161	32	1
10.8539	32	0
8.96362	32	1
3.96351	32	0
1.64638	32	0
29.1333	32	1
3.65332	32	0
7.74408	32	1
4.39035	32	1
19.3907	32	0
0.853678	32	24.6648
3.7196	32	0
21.5249	32	0
0.931037	32	0
1.28052	32	0
21.22	32	0
7.6831	32	1
0.60977	32	1
8.41483	32	1
11.7686	32	0
1.28052	32	0
14.0247	32	0
1.21954	32	0
4.87816	32	0
39.9399	32	0
17.8663	32	0
25.8543	32	0
4.08546	32	1
2.31713	32	0
1.03661	32	1
5.36598	32	1
0.365862	32	0
0.914655	32	1
5.85353	32	1
26.525	32	1
18.7199	32	1
6.03673	32	0
17.9882	32	0
0.121954	32	1
0.670747	32	1
4.69523	32	0
3.35374	32	1
3.90253	32	0
1.89029	32	0
6.03673	32	0
0.060977	32	1
7.80506	32	1
4.20741	32	1
1.40247	32	0
5.305	32	0
22.5005	32	0
6.52454	32	0
1.76833	32	1
5.42695	32	0
2.62201	32	1
2.31713	32	1
4.93914	32	0
19.2078	32	1
23.6591	32	0
12.054	32	1
16.037	32	0
10.1222	32	0
35.6106	32	1
10.61	32	0
4.14644	32	1
5.06109	32	0
18.537	32	0
4.08546	32	1
3.84155	32	0
15.0003	32	1
37.074	32	1
4.39526	32	1
32.2317	32	1
12.6832	32	0
8.47581	32	1
5.05117	32	1
3.90253	32	1
3.7196	32	1
6.6465	32	1
6.76845	32	0
1.35077	32	1
5.85379	32	0
29.7932	32	1
4.02448	32	0
13.9637	32	1
19.3297	32	1
13.9637	32	1
25.1225	32	1
17.5614	32	0
21.098	32	0
15.4883	32	0
35.2447	32	0
4.57328	32	0
1.21954	32	1
6.82943	32	0
8.17092	32	0
25.1225	32	0
4.59471	32	0
10.2441	32	0
1.82931	32	0
2.43908	32	1
9.87828	32	1
12.3964	32	0
4.14644	32	1
5.60989	32	1
10.1222	32	0
15.3662	32	1
24.9856	32	1
0.60977	32	0
13.4149	32	0
0.121954	32	0
23.4152	32	0
3.17081	32	0
8.99351	32	0
0.204992	32	1
6.34161	32	0
7.56115	32	1
10.8539	32	1
53.05	32	0
4.87816	32	1
19.7109	32	0
13.171	32	0
5.72715	32	1
5.26758	32	1
71.0992	32	0
9.87828	32	0
3.41471	32	1
0.365862	32	1
22.3522	32	0
9.77061	32	1
48.3728	32	0
3.41471	32	1
2.1173	32	0
4.63425	32	0
13.8515	32	1
35.2447	32	1
25.6103	32	0
1.5854	32	1
11.8295	32	0
9.87828	32	1
3.1458	32	1
7.80506	32	1
25.9762	32	1
10.488	32	0
20.7322	32	1
4.56359	32	1
13.293	32	0
1.81486	32	0
3.41471	32	0
2.07322	32	0
17.9272	32	1
14.7564	32	1
10.8539	32	1
1.34149	32	0
31.2202	32	0
26.3941	32	0
31.4641	32	0
4.35112	32	1
16.5858	32	1
13.9028	32	1
9.4843	32	0
5.24402	32	0
2.31713	32	0
30.2446	32	0
15.1221	32	0
15.976	32	0
0.853678	32	0
16.0198	32	1
8.95943	32	1
8.08598	32	1
0.399583	32	0
11.5521	32	1
1.46345	32	1
1.5854	32	0
3.29276	32	1
10.6114	32	1
11.8295	32	1
15.0003	32	0
29.7568	32	1
18.9393	32	1
13.1621	32	0
8.54381	32	1
0.286598	32	0
5.73184	32	0
17.0567	32	0
17.7304	32	0
13.171	32	0
21.8298	32	0
2.08097	32	0
13.2947	32	1
3.04885	32	1
10.9759	32	0
10.477	32	1
14.7462	32	0
4.02509	32	1
9.51242	32	0
20.9716	32	1
4.87816	32	0
1.70736	32	1
21.6929	32	1
7.4392	32	0
7.80506	32	0
4.70402	32	0
10.488	32	1
15.8886	32	1
18.7809	32	1
18.4118	32	1
1.70736	32	0
5.24402	32	1
30.9661	32	1
4.87816	32	1
22.4395	32	1
20.2825	32	1
4.26839	32	0
14.8365	32	1
16.4638	32	0
11.1487	32	0
2.68299	32	0
3.72117	32	1
15.1111	32	0
21.6929	32	1
9.8726	32	0
2.99797	32	0
6.86801	32	1
52.1963	32	0
30.0007	32	1
4.26839	32	1
4.6031	32	0
7.07333	32	0
5.71496	32	0
14.9312	32	0
0.853678	32	0
2.31713	32	1
10.0442	32	0
31.8949	32	0
8.78069	32	0
4.47711	32	0
26.5284	32	0
15.3074	32	0
5.36598	32	0
1.89775	32	0
14.0366	32	0
8.65874	32	1
24.3795	32	1
15.6543	32	0
1.89022	32	1
14.5976	32	0
10.0641	32	0
22.6716	32	1
1.70736	32	0
1.5854	32	1
0.940248	32	0
21.5263	32	1
24.4698	32	0
12.1823	32	0
15.976	32	1
1.81333	32	1
2.55688	32	0
0.0931607	32	1
7.6563	32	1
1.41037	32	0
15.854	32	1
15.3267	32	1
8.65874	32	1
19.8785	32	1
8.50417	32	1
12.0735	32	1
13.7763	32	0
18.7493	32	1
15.0885	32	0
13.365	32	0
3.65862	32	0
8.04897	32	0
4.70124	32	0
24.1106	32	0
22.3645	32	0
2.62188	32	1
18.659	32	0
25.1225	32	0
12.8277	32	0
18.2201	32	1
5.08757	32	1
1.70736	32	0
16.7215	32	1
21.9615	32	0
6.9847	32	0
20.8198	32	1
8.41483	32	0
10.488	32	0
6.34161	32	1
11.0352	32	1
3.23775	32	1
18.4865	32	0
15.198	32	0
10.5023	32	0
1.58901	32	1
18.2677	32	0
21.9517	32	1
50.1054	32	0
17.6833	32	1
45.1949	32	1
1.15185	32	0
7.6006	32	0
4.12728	32	0
19.9467	32	0
3.12418	32	1
14.3906	32	0
16.5073	32	0
14.8784	32	0
1.47753	32	1
0.243908	32	1
34.6737	32	0
18.7325	32	1
13.9028	32	1
5.77508	32	1
26.9314	32	0
19.1468	32	0
11.0143	32	1
23.0333	32	1
23.7546	32	0
22.3176	32	1
4.66075	32	0
9.92802	32	1
2.43048	32	0
8.74864	32	1
4.5123	32	0
13.0291	32	0
19.3907	32	1
26.6709	32	1
4.87403	32	0
5.77581	32	1
5.82192	32	0
10.477	32	1
0.802882	32	1
0.402963	32	0
4.4326	32	0
0.00824583	32	0
15.4882	32	1
4.26839	32	0
2.57608	32	0
46.6528	32	1
6.37045	32	1
1.91408	32	1
6.3696	32	1
32.4721	32	0
7.24153	32	0
1.30963	32	1
9.35826	32	0
9.87828	32	0
11.9546	32	0
17.3274	32	1
11.4637	32	1
4.0074	32	1
5.85379	32	0
3.19013	32	0
5.60989	32	0
3.40401	32	1
18.0998	32	1
14.0047	32	0
15.6425	32	0
2.0484	32	1
8.36149	32	1
18.388	32	0
3.06109	32	0
1.54469	32	1
2.68642	32	1
0.150414	32	1
9.26747	32	0
14.8761	32	0
36.3423	32	1
15.6773	32	1
16.2587	32	1
5.23865	32	0
5.18078	32	0
12.0163	32	1
17.0924	32	0
3.55125	32	1
18.3817	32	1
6.358	32	1
14.3105	32	1
19.8124	32	1
8.84214	32	1
16.7077	32	1
10.2441	32	1
16.7441	32	1
5.85038	32	0
2.8188	32	0
18.7042	32	0
8.32791	32	1
25.6553	32	0
9.90618	32	1
1.7103	32	1
0.235062	32	0
3.55951	32	0
1.30963	32	1
4.10133	32	1
14.2221	32	1
11.7076	32	1
1.30963	32	0
9.33532	32	1
1.94766	32	1
19.5555	32	0
25.2188	32	0
6.36185	32	0
5.58439	32	0
1.12424	32	1
6.64032	32	0
1.58052	32	1
3.25729	32	0
1.34149	32	0
26.3793	32	1
2.60417	32	1
0.638025	32	1
2.01482	32	1
0.838997	32	0
0.638025	32	1
8.93235	32	0
0.603675	32	0
11.7476	32	1
43.5536	32	1
1.00741	32	1
7.58914	32	1
2.93493	32	0
23.9092	32	1
14.9096	32	1
3.02222	32	1
0.402963	32	0
7.5711	32	1
13.7343	32	0
5.68661	32	0
17.5289	32	0
10.0069	32	0
0.402963	32	0
3.92889	32	0
15.2316	32	1
2.12708	32	1
22.5659	32	1
12.393	32	1
7.08544	32	1
0.365862	32	1
0.932386	32	1
2.08198	32	1
1.01806	32	0
21.2776	32	0
7.55556	32	0
2.8879	32	1
10.4609	32	0
13.5664	32	1
12.2351	32	0
26.5011	32	0
29.7861	32	0
5.97444	32	0
5.17912	32	1
4.94782	32	0
15.4133	32	0
8.40477	32	1
13.4347	32	1
3.49156	32	1
3.17935	32	1
17.8053	32	0
5.23852	32	1
0.134321	32	1
0.470124	32	1
13.4321	32	1
0.402963	32	0
3.92889	32	0
13.6589	32	0
2.98127	32	1
16.32	32	1
19.3758	32	1
8.82131	32	0
0.671606	32	1
9.13384	32	1
3.29087	32	1
15.713	32	1
15.7156	32	1
13.7343	32	1
7.21976	32	1
2.07322	32	0
0.134321	32	0
0.46964	32	0
2.82074	32	1
11.0222	32	1
3.10618	32	0
16.8909	32	1
5.28132	32	1
1.00741	32	0
1.61185	32	0
4.0034	32	0
39.4904	32	0
14.0533	32	0
4.49976	32	1
3.44198	32	1
1.98124	32	1
4.76529	32	1
7.32427	32	1
6.04445	32	0
19.5773	32	0
24.0578	32	0
17.6632	32	1
1.20889	32	0
1.1921	32	0
0.957038	32	0
2.33383	32	1
11.2998	32	1
9.0246	32	1
8.91556	32	1
10.1077	32	1
3.5763	32	0
4.14374	32	0
0.990618	32	1
2.31713	32	0
0.537284	32	1
18.0195	32	1
5.72544	32	0
2.31713	32	1
8.24396	32	1
13.0653	32	0
0.412831	32	1
20.4789	32	1
5.87655	32	1
5.2721	32	1
2.97185	32	1
2.01594	32	1
0.419753	32	1
18.9029	32	0
5.20309	32	0
0.0671606	32	1
11.2158	32	0
5.77581	32	1
4.29731	32	1
8.27754	32	1
3.03902	32	0
4.07164	32	0
5.07062	32	0
2.51276	32	1
8.27754	32	1
18.0415	32	1
5.60791	32	1
9.23097	32	0
7.28692	32	1
0.537284	32	1
9.48643	32	1
10.0254	32	0
2.26112	32	0
18.0326	32	1
11.8299	32	1
5.35605	32	0
10.4267	32	1
18.7266	32	0
4.29974	32	1
44.5092	32	1
4.28149	32	1
7.67742	32	0
2.41778	32	0
2.82074	32	0
11.0044	32	1
3.0726	32	1
3.47556	32	1
1.29284	32	1
21.2059	32	1
11.3051	32	0
31.8341	32	0
2.01482	32	1
11.5174	32	1
16.5215	32	0
0.671606	32	0
29.8361	32	1
3.28247	32	1
11.3585	32	1
26.9901	32	0
2.83939	32	1
2.14074	32	1
6.93529	32	1
6.48939	32	0
11.7076	32	0
7.07333	32	0
2.14074	32	1
23.8746	32	0
2.87951	32	1
0.398278	32	1
6.85656	32	0
20.1191	32	1
19.8292	32	1
22.6415	32	0
0.402963	32	0
0.540051	32	1
10.8548	32	1
20.3598	32	1
1.79654	32	0
8.84001	32	0
30.6331	32	1
28.4173	32	1
5.25531	32	1
0.873087	32	1
1.67901	32	1
2.94667	32	1
10.2168	32	1
0.873087	32	1
2.41778	32	1
9.7131	32	1
8.03408	32	0
0.344198	32	1
1.47753	32	1
8.24709	32	1
4.15556	32	0
5.55754	32	1
8.33557	32	0
13.4657	32	1
9.93137	32	0
1.03271	32	0
3.37482	32	1
9.5284	32	0
14.0144	32	0
6.4726	32	1
14.4227	32	1
1.81333	32	1
5.23013	32	0
1.24247	32	0
2.95506	32	0
14.8341	32	1
0.117531	32	0
18.4116	32	1
6.58173	32	1
40.3887	32	0
2.63186	32	1
5.96091	32	1
0.0363435	32	1
3.5721	32	1
13.4149	32	1
11.2368	32	0
20.9875	32	0
3.01803	32	0
0.298025	32	1
0.671606	32	0
8.12941	32	1
5.16199	32	0
8.66791	32	0
10.5308	32	1
16.1101	32	0
2.36741	32	1
0.805927	32	0
0.184692	32	0
3.62667	32	1
34.7808	32	1
1.13691	32	1
10.7415	32	1
3.35383	32	1
7.38346	32	0
4.29408	32	1
9.1968	32	0
4.2521	32	0
7.58914	32	0
5.1042	32	0
0.772346	32	1
19.741	32	0
9.201	32	1
6.34247	32	1
24.2408	32	0
10.8875	32	0
22.0245	32	0
8.16543	32	1
29.9307	32	1
1.47753	32	0
1.20889	32	1
3.41738	32	1
9.56828	32	1
21.0796	32	1
1.20134	32	0
1.20889	32	0
18.6014	32	0
1.47753	32	1
9.6303	32	1
8.88485	32	1
10.2756	32	0
0.167901	32	1
6.85038	32	1
7.28692	32	0
6.0626	32	0
7.79062	32	1
18.6035	32	1
2.8879	32	1
0.819551	32	0
3.69383	32	1
2.61926	32	0
6.74372	32	1
0.470124	32	0
3.89531	32	1
1.22568	32	0
0.873087	32	1
6.58173	32	0
25.7897	32	0
12.8948	32	1
9.56576	32	0
0.940248	32	0
15.5645	32	1
0.805927	32	0
0.335803	32	0
3.69383	32	1
0.69739	32	0
0.119537	32	1
25.118	32	0
15.513	32	1
21.8261	32	1
5.90803	32	1
6.71606	32	0
3.49235	32	0
15.7135	32	1
0.359444	32	1
19.8753	32	1
2.68642	32	0
2.17822	32	0
2.72195	32	0
1.6789	32	0
0.738766	32	1
0.268642	32	0
9.75507	32	1
15.5435	32	0
2.14914	32	0
8.05927	32	0
17.5919	32	0
4.67736	32	1
23.12	32	0
2.3399	32	1
0.738766	32	1
10.2714	32	1
15.2412	32	1
31.683	32	1
12.4205	32	1
2.38	32	0
5.70445	32	1
4.29828	32	0
5.23433	32	1
5.36865	32	1
3.95828	32	0
5.56822	32	0
1.57827	32	1
13.8267	32	1
2.95506	32	1
16.9119	32	0
0.268642	32	1
2.204	32	1
3.22371	32	0
6.70766	32	1
11.0731	32	0
1.07457	32	0
0.402963	32	0
0.604445	32	0
6.21714	32	0
7.51359	32	1
7.51359	32	0
14.034	32	0
9.2795	32	0
8.91556	32	1
13.8099	32	0
2.74519	32	1
8.58816	32	1
13.8482	32	0
3.08939	32	0
4.15556	32	1
7.63951	32	0
9.52001	32	1
19.8459	32	1
18.7378	32	0
21.5082	32	1
15.1363	32	0
10.1832	32	1
5.88663	32	1
38.0465	32	1
0.931853	32	1
8.8568	32	1
5.28889	32	1
3.7442	32	0
4.55852	32	0
10.0405	32	1
2.14074	32	0
8.05927	32	0
0.805927	32	1
35.763	32	1
0	32	1
2.48841	32	1
20.7526	32	1
6.6321	32	0
1.14173	32	1
11.7699	32	0
10.583	32	1
10.4267	32	0
7.75704	32	0
4.14716	32	1
13.6762	32	0
4.13566	32	1
3.13976	32	1
27.2	32	1
1.84692	32	0
14.6914	32	0
13.6336	32	0
9.7047	32	1
2.46815	32	1
1.00741	32	1
2.0484	32	1
2.66963	32	1
4.18417	32	1
13.1131	32	1
1.98594	32	0
3.99605	32	0
17.8815	32	1
0.268642	32	0
3.4084	32	1
4.44939	32	1
0.537284	32	1
2.92148	32	0
12.5926	32	1
31.0953	32	0
9.72149	32	0
8.56297	32	1
12.5087	32	0
7.58914	32	1
0.940248	32	1
13.5832	32	0
4.51655	32	0
4.91951	32	1
6.26272	32	0
1.72938	32	0
10.1077	32	1
2.63303	32	1
13.8351	32	0
21.0045	32	1
13.281	32	0
22.2637	32	0
21.7936	32	1
4.71803	32	24.4909
1.86371	32	1
2.3842	32	1
12.6094	32	0
0.134321	32	0
20.0306	32	0
5.84297	32	1
4.78519	32	1
0	32	0
4.04642	32	1
19.1408	32	0
0	32	0
4.45459	32	0
13.0291	32	0
7.42124	32	1
1.29284	32	0
14.3388	32	0
5.57433	32	1
11.4845	32	1
3.03902	32	1
12.4415	32	0
46.3408	32	1
0.520494	32	0
4.29828	32	0
7.46294	32	0
19.124	32	0
2.78716	32	1
0.940248	32	1
6.48099	32	1
2.5521	32	1
1.51111	32	0
6.61531	32	1
4.49976	32	1
13.8015	32	1
7.95853	32	0
3.2379	32	0
10.4099	32	0
18.7718	32	1
6.34667	32	0
8.32791	32	1
4.23111	32	1
2.61926	32	0
16.8573	32	1
10.2756	32	0
1.57827	32	1
17.7975	32	1
5.00346	32	0
4.96988	32	1
3.62667	32	0
11.0479	32	1
2.28346	32	1
17.7424	32	0
20.2489	32	1
4.91711	32	1
1.71259	32	0
0.134321	32	0
4.6005	32	1
4.83556	32	0
12.4583	32	1
4.7684	32	0
17.0924	32	1
0.503704	32	1
0.369383	32	0
5.60791	32	1
10.8393	32	1
6.41383	32	0
1.57827	32	0
2.5521	32	0
2.98864	32	0
19.1408	32	1
1.44395	32	1
0.919036	32	1
13.6	32	0
1.74229	32	0
1.17531	32	0
16.3026	32	1
17.9654	32	1
6.85038	32	1
0.570865	32	1
1.07457	32	1
9.16742	32	1
18.9393	32	1
33.1773	32	1
2.0484	32	0
0.369383	32	1
5.13778	32	0
9.40248	32	1
0.805927	32	1
30.1551	32	1
31.6998	32	1
5.20494	32	1
12.8948	32	1
3.92889	32	1
2.18272	32	0
0.705186	32	1
6.51457	32	0
2.35062	32	1
12.7605	32	1
0.368713	32	0
25.2741	32	0
46.4415	32	0
2.48494	32	0
1.81333	32	1
8.66371	32	0
13.7343	32	1
6.74964	32	0
12.8612	32	0
2.2	32	1
15.8835	32	1
16.0514	32	0
28.5768	32	1
14.5403	32	0
35.9309	32	0
10.5106	32	0
0.335803	32	1
9.10026	32	1
19.7696	32	0
33.681	32	1
0.335803	32	1
4.36544	32	0
9.77186	32	1
7.42771	32	0
0.604445	32	1
34.2183	32	0
3.08939	32	0
1.54469	32	1
2.65284	32	1
7.01828	32	0
3.25729	32	0
6.44741	32	1
11.5852	32	1
6.34667	32	1
8.66371	32	1
3.02222	32	1
6.0728	32	0
7.21976	32	1
23.1032	32	1
4.86914	32	1
16.1521	32	1
11.6188	32	1
3.12297	32	1
12.9956	32	0
5.82935	32	0
8.83161	32	1
10.1412	32	0
15.8835	32	1
19.3758	32	1
9.60396	32	0
1.47753	32	1
32.0692	32	1
3.92889	32	0
7.25334	32	1
8.66371	32	0
0.873087	32	1
3.59309	32	1
19.5773	32	0
12.3575	32	0
2.85432	32	1
1.27605	32	1
6.51457	32	1
1.74617	32	0
29.685	32	1
2.58568	32	0
7.2619	32	1
4.16395	32	0
20.3496	32	1
20.7526	32	0
2.39046	32	1
30.1887	32	0
8.69729	32	1
1.54469	32	1
6.31309	32	1
4.49976	32	0
16.968	32	1
4.39902	32	1
5.1042	32	0
17.6968	32	0
4.33186	32	0
2.8879	32	0
4.13037	32	1
5.33926	32	0
6.20531	32	0
6.11161	32	1
8.52939	32	1
32.6736	32	1
5.70865	32	0
0.570865	32	0
4.83556	32	1
16.2529	32	1
4.4326	32	0
29.2484	32	1
5.54075	32	0
8.99951	32	0
1.24247	32	1
4.6005	32	1
9.26816	32	0
0.134321	32	1
4.80198	32	0
8.19359	32	1
2.35062	32	1
3.02222	32	1
5.30568	32	1
4.49976	32	1
8.39507	32	1
24.5136	32	0
12.8948	32	0
2.61926	32	1
4.16395	32	1
4.63408	32	1
1.00741	32	0
9.201	32	1
0.805927	32	1
15.7827	32	1
27.7373	32	0
8.26075	32	1
7.3205	32	1
10.2084	32	1
2.95506	32	1
0.134321	32	0
5.44	32	1
0.402963	32	1
1.81333	32	1
10.8128	32	1
12.0217	32	1
26.1255	32	1
5.1042	32	0
26.7971	32	1
6.04445	32	0
22.1873	32	0
10.5442	32	0
5.91013	32	1
13.9694	32	0
4.36544	32	0
27.0657	32	0
14.7753	32	0
4.63408	32	0
7.58914	32	0
3.69383	32	1
1.14173	32	1
3.22371	32	0
30.4237	32	0
9.93976	32	1
40.3635	32	1
6.11161	32	1
6.64889	32	1
7.85778	32	1
10.7457	32	0
7.94457	32	0
5.64149	32	0
0.335803	32	1
1.54469	32	0
2.68642	32	0
5.1042	32	0
0.738766	32	0
10.0741	32	0
9.8726	32	1
1.07457	32	1
4.7684	32	1
2.2163	32	0
38.08	32	0
3.82815	32	0
7.05186	32	1
3.35803	32	1
44.0573	32	0
6.24593	32	0
4.02963	32	1
2.68642	32	1
7.99211	32	0
38.9531	32	0
24.4464	32	0
10.079	32	0
8.26075	32	0
6.51457	32	1
1.8805	32	0
22.4988	32	1
43.3186	32	0
2.8879	32	1
3.02222	32	1
25.7225	32	0
9.80544	32	1
6.38025	32	1
7.3205	32	0
33.3116	32	0
2.95506	32	0
0.201482	32	0
12.0217	32	1
14.3724	32	1
3.49235	32	0
8.46223	32	0
20.7526	32	1
20.1482	32	1
11.0143	32	1
0.940248	32	0
3.82815	32	1
8.59655	32	1
9.8726	32	0
12.4247	32	0
2.08198	32	1
22.0958	32	0
20.7526	32	1
16.9245	32	1
24.8494	32	0
21.4242	32	1
18.3348	32	1
24.3121	32	1
18.9393	32	1
6.17877	32	1
8.12643	32	0
10.1412	32	1
7.11902	32	1
7.58914	32	1
14.5738	32	0
6.91754	32	0
7.52198	32	0
9.26816	32	1
0.201482	32	0
22.7674	32	0
17.5289	32	0
4.23111	32	1
0	32	1
16.6558	32	1
9.40248	32	0
20.9541	32	1
15.2454	32	0
17.3946	32	1
5.91013	32	1
0.402963	32	1
26.5284	32	0
49.0272	32	1
18.2677	32	1
7.85778	32	0
36.9383	32	1
11.5516	32	0
6.24593	32	1
7.18618	32	0
10.0069	32	1
54.5344	32	0
14.5738	32	0
10.2756	32	0
26.5956	32	1
10.6785	32	0
28.3418	32	0
11.5516	32	1
64.407	32	0
16.5887	32	1
28.2746	32	1
4.70124	32	1
8.79803	32	1
4.02963	32	1
2.82074	32	0
21.5585	32	1
12.8948	32	0
0.335803	32	0
7.52198	32	1
5.23852	32	0
52.1166	32	0
4.4326	32	1
11.0143	32	1
5.03704	32	1
6.24593	32	0
6.04445	32	1
9.13384	32	1
22.4316	32	1
4.09679	32	0
4.23111	32	0
14.4395	32	0
25.5882	32	1
100.069	32	1
7.99211	32	1
34.8563	32	0
2.95506	32	1
6.9847	32	0
34.6548	32	0
33.1102	32	1
58.967	32	0
4.23111	32	1
10.4099	32	1
8.99951	32	1
1.41037	32	0
8.52939	32	1
11.4845	32	0
25.3195	32	1
15.3126	32	1
32.7744	32	0
6.11161	32	0
4.29828	32	0
30.6252	32	1
49.363	32	0
35.125	32	1
5.57433	32	0
27.2	32	0
13.4321	32	0
32.5729	32	1
15.9171	32	0
7.52198	32	0
15.4469	32	1
50.6391	32	0
26.2598	32	0
8.26075	32	1
13.0291	32	1
55.9447	32	1
21.6929	32	0
90.8682	32	0
7.18618	32	1
92.5472	32	1
54.9373	32	0
33.3116	32	1
13.6336	32	1
121.695	32	1
1.07457	32	1
40.6321	32	0
14.238	32	0
7.45482	32	0
121.896	32	1
29.8193	32	1
11.8203	32	0
49.1615	32	0
25.2524	32	1
39.3561	32	1
5.91013	32	1
45.4815	32	1
7.92495	32	1
154.872	32	1
12.3575	32	1
26.3269	32	0
35.9981	32	1
38.4158	32	0
128.277	32	1
9.40248	32	0
30.0879	32	1
82.7418	32	1
6.58173	32	1
18.9393	32	1
71.1902	32	1
157.424	32	0
16.9245	32	1
19.4766	32	0
100.875	32	0
9.13384	32	1
129.486	32	1
355.682	32	1
175.961	32	1
164.006	32	1
36.9383	32	1
114.71	32	0
1441.4	32	1
627.414	32	1
